#./transfer/case_2_80_16_8_1
set N0 = 0;
set N1 = 2  3  4  5  6  7  8  9  10  11  13  14  15  17  18  19  20  22  23  25  26  27  28  29  30  31  32  33  34  35  36  37  38  39  40  41  42  46  47  48  49  50  51  52  53  54  55  56  57  58  59  60  61  62  63  64  65  66  67  68  69  70  71  72  ;
set N2 = 1  43  12  44  21  24  45  16  73  74  75  76  77  78  79  80  ;
set Shared1:= 1  43  12  44  21  24  45  16  ;
set Shared2:= 73  74  75  76  77  78  79  80  ;
set Shared_Visited:= (1,73),(43,74),(12,75),(44,76),(21,77),(24,78),(45,79),(16,80),;
param kn:= 16;
param dn:= 3;
param T:= 643;
param s_id:	1	2	3	:=
0	0	0	0	
1	11	11	11	
2	80	80	80	
3	119	119	119	
4	46	46	46	
5	81	81	81	
6	109	109	109	
7	34	34	34	
8	62	62	62	
9	96	96	96	
10	61	61	61	
11	67	67	67	
12	39	39	39	
13	83	83	83	
14	80	80	80	
15	80	80	80	
16	58	58	58	
17	11	11	11	
18	64	64	64	
19	53	53	53	
20	112	112	112	
21	76	76	76	
22	85	85	85	
23	85	85	85	
24	76	76	76	
25	63	63	63	
26	49	49	49	
27	86	86	86	
28	61	61	61	
29	62	62	62	
30	65	65	65	
31	44	44	44	
32	51	51	51	
33	100	100	100	
34	128	128	128	
35	96	96	96	
36	85	85	85	
37	107	107	107	
38	66	66	66	
39	71	71	71	
40	96	96	96	
41	79	79	79	
42	99	99	99	
43	65	65	65	
44	73	73	73	
45	95	95	95	
46	66	66	66	
47	125	125	125	
48	87	87	87	
49	57	57	57	
50	86	86	86	
51	63	63	63	
52	22	22	22	
53	115	115	115	
54	44	44	44	
55	88	88	88	
56	117	117	117	
57	77	77	77	
58	73	73	73	
59	18	18	18	
60	92	92	92	
61	108	108	108	
62	38	38	38	
63	72	72	72	
64	98	98	98	
65	98	98	98	
66	77	77	77	
67	40	40	40	
68	88	88	88	
69	88	88	88	
70	147	147	147	
71	30	30	30	
72	69	69	69	
73	11	11	11	
74	65	65	65	
75	39	39	39	
76	73	73	73	
77	76	76	76	
78	76	76	76	
79	95	95	95	
80	58	58	58	
;
param t_ij:  0	1	2	3	4	5	6	7	8	9	10	11	12	13	14	15	16	17	18	19	20	21	22	23	24	25	26	27	28	29	30	31	32	33	34	35	36	37	38	39	40	41	42	43	44	45	46	47	48	49	50	51	52	53	54	55	56	57	58	59	60	61	62	63	64	65	66	67	68	69	70	71	72	73	74	75	76	77	78	79	80	:=
0	0	12	16	7	16	13	12	12	12	6	11	17	22	6	5	11	10	15	20	4	10	12	1	11	11	7	10	19	6	16	12	14	10	8	12	5	15	21	18	14	16	12	5	15	13	11	8	9	17	9	18	11	10	20	14	16	9	10	19	7	13	12	15	21	8	15	11	7	22	2	7	14	8	12	15	22	13	12	11	11	10
1	12	10000	26	5	11	18	11	3	5	9	22	14	33	16	12	5	9	9	22	14	6	13	12	6	22	17	2	30	6	24	19	4	13	19	14	11	25	32	8	15	8	8	15	9	17	12	12	4	23	15	24	22	4	31	22	23	5	7	24	10	24	9	14	24	19	13	1	16	32	12	18	25	19	10000	9	33	17	13	22	12	9
2	16	26	10000	23	25	11	28	27	24	22	15	32	14	11	14	23	19	24	33	13	21	18	17	26	13	17	24	10	21	24	23	27	25	10	17	20	6	14	33	29	32	28	15	31	25	17	23	22	26	23	28	10	25	12	6	8	25	26	29	23	7	21	30	33	13	21	26	10	15	16	15	10	12	26	31	14	25	18	13	17	19
3	7	5	23	10000	13	16	9	5	8	4	17	13	28	12	9	7	9	12	19	10	7	13	7	5	17	12	4	26	2	19	14	9	9	15	14	6	22	28	11	12	9	7	11	9	13	12	8	5	19	10	19	18	3	27	20	21	3	5	20	5	20	10	12	20	15	15	5	13	28	8	13	21	14	5	9	28	13	13	17	12	9
4	16	11	25	13	10000	14	21	13	6	17	26	24	35	19	13	7	7	2	32	17	7	8	17	16	26	23	10	31	13	31	27	8	22	21	8	18	27	35	16	24	18	18	20	20	26	8	21	9	31	23	32	25	13	33	20	19	14	17	33	18	26	5	24	33	23	5	11	17	36	17	23	28	23	11	20	35	26	8	26	8	7
5	13	18	11	16	14	10000	24	19	15	17	19	28	23	10	8	14	10	14	32	10	12	7	13	21	17	17	16	19	15	26	23	18	23	12	6	17	15	23	25	26	25	22	15	25	25	7	20	14	28	21	30	15	18	22	6	6	19	21	30	19	15	11	27	33	15	10	18	8	25	13	17	17	15	18	25	23	25	7	17	7	10
6	12	11	28	9	21	24	10000	10	16	7	18	5	30	17	16	15	17	20	11	16	15	21	12	6	19	13	12	28	10	16	11	15	4	19	22	8	25	29	12	4	8	5	13	5	8	20	6	13	14	7	14	21	8	28	26	28	7	5	14	6	24	19	4	13	17	23	11	19	29	12	14	23	17	11	5	30	8	21	19	20	17
7	12	3	27	5	13	19	10	10000	7	8	21	12	33	17	13	7	11	11	20	15	8	14	12	4	22	17	4	30	6	23	18	6	11	19	15	10	26	32	7	13	6	6	15	7	16	14	11	6	22	14	22	23	3	31	23	24	4	6	22	9	25	11	13	22	19	15	2	17	33	12	17	25	19	3	7	33	16	14	22	14	11
8	12	5	24	8	6	15	16	7	10000	11	23	19	32	16	11	2	5	5	26	14	3	8	13	11	22	18	5	29	7	27	21	4	16	18	10	13	25	32	12	19	13	12	16	14	21	8	15	4	26	18	27	22	8	31	20	20	9	12	27	13	24	5	19	28	20	9	6	15	33	13	19	25	19	5	14	32	21	8	22	8	5
9	6	9	22	4	17	17	7	8	11	10000	14	11	26	11	9	10	12	15	16	9	10	15	6	6	14	9	8	24	4	16	11	12	6	13	15	3	20	25	13	10	11	7	8	10	10	14	5	8	16	7	16	16	6	24	20	21	5	5	17	2	18	13	10	18	12	17	8	12	25	6	10	18	12	9	10	26	10	15	14	14	12
10	11	22	15	17	26	19	18	21	23	14	10000	21	13	9	14	21	20	25	19	10	20	21	10	19	2	5	20	12	16	9	9	24	14	7	21	12	10	12	27	17	24	20	7	22	13	20	12	19	12	11	14	5	19	11	17	19	18	18	15	14	8	22	19	19	4	25	21	11	12	10	4	6	4	22	22	13	13	21	2	20	20
11	17	14	32	13	24	28	5	12	19	11	21	10000	33	21	20	19	21	23	10	20	19	25	16	9	22	17	15	32	14	18	13	18	7	23	26	12	29	33	12	5	9	7	17	6	10	24	10	16	15	11	14	24	12	32	30	32	11	8	14	10	27	22	3	11	21	27	14	23	32	16	18	27	21	14	6	33	10	25	22	24	21
12	22	33	14	28	35	23	30	33	32	26	13	33	10000	17	22	31	29	34	31	19	30	28	21	31	12	18	31	4	27	19	21	35	27	15	28	24	9	1	39	29	36	32	18	34	25	28	24	30	22	23	24	11	31	2	19	21	30	30	25	26	9	31	31	30	14	32	32	18	3	21	16	8	14	33	34	10000	25	28	12	28	29
13	6	16	11	12	19	10	17	17	16	11	9	21	17	10000	6	14	12	18	23	3	13	13	6	16	8	8	14	14	11	17	14	18	15	3	13	10	10	17	23	18	21	18	5	20	16	12	12	13	18	13	20	7	15	16	10	12	15	16	21	12	9	14	20	24	6	17	16	3	18	6	7	10	5	16	20	17	16	13	8	12	12
14	5	12	14	9	13	8	16	13	11	9	14	20	22	6	10000	9	7	12	24	4	8	8	6	13	13	11	10	19	8	20	16	13	15	8	8	9	14	22	19	18	18	15	8	18	17	7	12	9	21	14	22	12	11	21	11	13	11	13	23	11	14	9	19	25	10	12	12	5	23	6	10	15	10	12	18	22	17	8	13	7	7
15	11	5	23	7	7	14	15	7	2	10	21	19	31	14	9	10000	4	5	26	12	2	8	12	10	21	17	4	28	6	25	20	5	16	17	9	12	23	31	13	18	13	12	15	14	20	8	14	3	25	17	26	21	7	29	18	19	8	11	26	12	22	4	18	27	18	9	6	14	31	12	18	24	18	5	14	31	20	8	21	8	4
16	10	9	19	9	7	10	17	11	5	12	20	21	29	12	7	4	10000	6	27	10	3	4	11	13	20	17	7	26	8	26	21	8	17	15	5	13	21	29	16	20	16	15	14	17	21	4	16	6	26	18	27	19	10	27	15	15	11	14	27	13	20	3	21	29	17	6	9	11	29	11	17	22	16	9	17	29	21	4	20	4	10000
17	15	9	24	12	2	14	20	11	5	15	25	23	34	18	12	5	6	10000	30	16	6	7	16	15	25	21	9	31	11	30	25	7	20	20	8	17	26	34	15	23	17	16	19	18	24	8	19	8	30	21	31	24	12	32	19	19	13	16	31	17	25	4	23	32	22	5	10	16	35	16	22	27	22	9	18	34	24	7	25	8	6
18	20	22	33	19	32	32	11	20	26	16	19	10	31	23	24	26	27	30	10000	23	25	30	19	16	21	17	22	30	20	13	11	26	11	24	31	16	29	30	21	8	18	15	19	15	8	30	13	23	9	11	7	24	19	29	33	35	18	15	6	15	27	29	8	2	20	33	21	25	29	19	18	25	21	22	15	31	8	30	21	30	27
19	4	14	13	10	17	10	16	15	14	9	10	20	19	3	4	12	10	16	23	10000	11	11	5	14	10	8	12	16	9	17	14	16	14	5	11	8	12	19	21	17	19	16	5	18	15	10	11	11	19	12	20	9	13	18	11	13	13	14	21	11	11	12	18	24	7	15	14	3	20	4	8	12	7	14	18	19	15	11	10	10	10
20	10	6	21	7	7	12	15	8	3	10	20	19	30	13	8	2	3	6	25	11	10000	7	10	11	20	16	5	26	6	25	20	6	15	16	8	11	22	29	14	18	14	12	14	15	19	7	14	3	25	16	25	19	8	28	17	17	8	11	26	12	21	4	18	27	17	8	7	12	30	11	16	22	17	6	15	30	19	7	20	7	3
21	12	13	18	13	8	7	21	14	8	15	21	25	28	13	8	8	4	7	30	11	7	10000	13	17	20	18	11	25	11	27	23	12	20	15	2	15	20	28	20	24	20	18	16	21	24	1	18	9	28	20	29	19	14	27	13	12	14	17	30	16	19	5	24	32	18	4	13	11	29	13	18	21	17	13	21	28	24	10000	20	1	4
22	1	12	17	7	17	13	12	12	13	6	10	16	21	6	6	12	11	16	19	5	10	13	10000	11	10	6	10	19	7	15	11	15	10	8	13	4	15	21	18	13	16	12	4	15	12	12	7	10	16	8	17	11	10	20	15	17	9	10	18	7	13	13	14	20	8	16	11	7	21	1	7	14	7	12	15	21	12	13	10	12	11
23	11	6	26	5	16	21	6	4	11	6	19	9	31	16	13	10	13	15	16	14	11	17	11	10000	20	14	7	29	6	20	14	10	8	18	18	8	25	30	8	9	6	2	14	5	12	16	8	8	18	10	18	21	3	29	24	25	3	2	18	6	24	14	9	18	17	18	6	17	30	11	15	23	17	6	5	31	12	17	20	16	13
24	11	22	13	17	26	17	19	22	22	14	2	22	12	8	13	21	20	25	21	10	20	20	10	20	10000	6	20	10	16	11	11	24	15	6	20	12	8	11	27	18	25	21	7	23	14	20	13	19	14	12	16	4	20	10	15	18	19	19	17	15	7	22	20	21	3	24	21	10	11	10	5	5	4	22	23	12	14	20	10000	20	20
25	7	17	17	12	23	17	13	17	18	9	5	17	18	8	11	17	17	21	17	8	16	18	6	14	6	10000	16	16	12	10	7	20	10	8	19	7	13	17	22	13	19	15	3	17	9	18	7	15	11	7	13	8	14	16	17	20	14	13	14	9	11	19	14	17	5	22	16	10	17	6	2	10	5	17	17	18	9	18	6	18	17
26	10	2	24	4	10	16	12	4	5	8	20	15	31	14	10	4	7	9	22	12	5	11	10	7	20	16	10000	28	4	23	18	5	12	17	12	10	24	31	10	15	10	8	14	10	17	11	12	2	23	14	23	21	4	29	20	21	5	8	23	9	22	8	15	24	17	12	2	14	31	11	16	23	17	2	10	31	17	11	20	11	7
27	19	30	10	26	31	19	28	30	29	24	12	32	4	14	19	28	26	31	30	16	26	25	19	29	10	16	28	10000	25	19	21	32	25	12	24	22	5	5	36	28	34	30	16	32	24	24	23	27	22	22	25	8	28	3	15	17	28	28	26	24	6	27	30	30	12	29	30	15	6	18	15	6	12	30	32	4	24	25	10	24	26
28	6	6	21	2	13	15	10	6	7	4	16	14	27	11	8	6	8	11	20	9	6	11	7	6	16	12	4	25	10000	20	15	9	10	14	12	6	20	27	12	13	11	8	10	11	14	11	9	4	19	11	20	17	4	26	18	19	4	7	20	6	19	9	13	21	14	14	5	11	27	7	12	20	14	6	11	27	14	11	16	11	8
29	16	24	24	19	31	26	16	23	27	16	9	18	19	17	20	25	26	30	13	17	25	27	15	20	11	10	23	19	20	10000	6	28	13	16	28	14	18	18	27	14	24	20	12	21	9	27	12	23	4	10	6	14	21	18	25	28	20	18	7	15	17	27	15	12	12	31	23	19	17	15	10	15	12	24	21	19	9	27	11	27	26
30	12	19	23	14	27	23	11	18	21	11	9	13	21	14	16	20	21	25	11	14	20	23	11	14	11	7	18	21	15	6	10000	22	7	14	24	9	19	21	21	9	18	14	9	16	4	23	7	18	5	4	7	14	16	20	24	26	15	13	7	10	17	23	10	11	11	27	18	16	20	11	8	15	11	19	16	21	4	23	11	23	21
31	14	4	27	9	8	18	15	6	4	12	24	18	35	18	13	5	8	7	26	16	6	12	15	10	24	20	5	32	9	28	22	10000	16	21	13	14	27	35	9	18	11	11	18	13	21	12	16	6	27	18	27	25	7	33	23	23	8	11	27	13	26	8	18	27	22	11	5	18	35	15	21	27	21	4	13	35	21	12	24	12	8
32	10	13	25	9	22	23	4	11	16	6	14	7	27	15	15	16	17	20	11	14	15	20	10	8	15	10	12	25	10	13	7	16	10000	16	21	6	22	26	15	4	11	7	11	9	5	20	3	13	11	4	11	18	10	25	24	26	9	6	11	4	21	19	5	12	14	23	12	17	26	10	11	20	14	13	9	27	5	20	15	20	17
33	8	19	10	15	21	12	19	19	18	13	7	23	15	3	8	17	15	20	24	5	16	15	8	18	6	8	17	12	14	16	14	21	16	10000	15	11	7	14	25	20	23	20	6	22	16	14	13	16	18	14	20	5	17	13	10	13	17	18	21	14	6	17	21	24	4	19	19	5	15	8	7	7	4	19	22	15	16	15	6	14	15
34	12	14	17	14	8	6	22	15	10	15	21	26	28	13	8	9	5	8	31	11	8	2	13	18	20	19	12	24	12	28	24	13	21	15	10000	16	19	28	21	24	21	19	16	22	24	2	19	10	29	21	30	19	15	26	12	11	15	18	31	17	19	6	25	32	18	5	14	10	29	13	18	21	17	14	22	28	24	2	20	2	5
35	5	11	20	6	18	17	8	10	13	3	12	12	24	10	9	12	13	17	16	8	11	15	4	8	12	7	10	22	6	14	9	14	6	11	16	10000	18	23	15	9	13	9	6	11	9	15	3	10	14	5	15	14	8	22	19	21	7	7	15	3	16	15	10	17	10	19	10	11	23	5	8	16	10	11	11	24	9	15	12	15	13
36	15	25	6	22	27	15	25	26	25	20	10	29	9	10	14	23	21	26	29	12	22	20	15	25	8	13	24	5	20	18	19	27	22	7	19	18	10000	9	32	25	30	26	12	29	22	19	20	22	21	19	24	5	24	7	11	13	24	24	24	21	2	23	27	29	9	24	25	10	10	14	12	5	9	25	29	9	22	20	8	19	21
37	21	32	14	28	35	23	29	32	32	25	12	33	1	17	22	31	29	34	30	19	29	28	21	30	11	17	31	5	27	18	21	35	26	14	28	23	9	10000	38	29	36	31	18	34	24	28	24	29	21	23	24	10	30	2	19	21	30	30	24	26	9	31	30	29	14	32	32	18	2	20	16	8	14	32	34	1	24	28	11	28	29
38	18	8	33	11	16	25	12	7	12	13	27	12	39	23	19	13	16	15	21	21	14	20	18	8	27	22	10	36	12	27	21	9	15	25	21	15	32	38	10000	15	4	8	21	7	19	20	16	12	25	18	25	28	8	37	30	30	9	9	25	13	31	16	14	23	25	20	8	23	38	18	23	31	25	8	7	39	19	20	27	20	16
39	14	15	29	12	24	26	4	13	19	10	17	5	29	18	18	18	20	23	8	17	18	24	13	9	18	13	15	28	13	14	9	18	4	20	24	9	25	29	15	10000	11	8	14	8	6	23	7	16	11	7	11	21	12	28	28	30	11	8	11	8	24	22	2	9	17	26	14	20	28	14	14	23	17	15	8	29	6	24	18	23	20
40	16	8	32	9	18	25	8	6	13	11	24	9	36	21	18	13	16	17	18	19	14	20	16	6	25	19	10	34	11	24	18	11	11	23	21	13	30	36	4	11	10000	5	19	4	16	20	13	11	22	15	21	26	7	34	29	30	7	6	21	11	29	17	10	20	22	21	8	22	36	16	20	29	22	8	4	36	16	20	25	20	16
41	12	8	28	7	18	22	5	6	12	7	20	7	32	18	15	12	15	16	15	16	12	18	12	2	21	15	8	30	8	20	14	11	7	20	19	9	26	31	8	8	5	10000	15	3	12	18	8	10	18	11	18	22	5	30	26	27	4	2	18	6	25	16	8	17	18	20	7	18	31	13	16	25	18	8	3	32	12	18	21	18	15
42	5	15	15	11	20	15	13	15	16	8	7	17	18	5	8	15	14	19	19	5	14	16	4	14	7	3	14	16	10	12	9	18	11	6	16	6	12	18	21	14	19	15	10000	17	11	15	8	13	14	8	15	8	13	16	15	17	13	13	16	9	11	16	15	19	4	19	15	8	18	4	3	10	4	15	17	18	11	16	7	15	14
43	15	9	31	9	20	25	5	7	14	10	22	6	34	20	18	14	17	18	15	18	15	21	15	5	23	17	10	32	11	21	16	13	9	22	22	11	29	34	7	8	4	3	17	10000	13	21	10	12	19	12	18	24	7	33	28	30	7	5	18	9	27	18	7	17	21	22	9	21	33	15	18	27	21	9	10000	34	13	21	23	21	17
44	13	17	25	13	26	25	8	16	21	10	13	10	25	16	17	20	21	24	8	15	19	24	12	12	14	9	17	24	14	9	4	21	5	16	24	9	22	24	19	6	16	12	11	13	10000	23	6	17	7	4	7	17	14	23	25	28	13	11	7	8	20	23	7	9	13	27	17	18	23	12	11	18	14	17	13	25	10000	24	14	23	21
45	11	12	17	12	8	7	20	14	8	14	20	24	28	12	7	8	4	8	30	10	7	1	12	16	20	18	11	24	11	27	23	12	20	14	2	15	19	28	20	23	20	18	15	21	23	10000	18	9	28	20	29	18	14	26	12	12	14	17	29	16	19	5	23	31	17	5	13	10	28	12	17	21	16	12	21	28	23	1	20	10000	4
46	8	12	23	8	21	20	6	11	15	5	12	10	24	12	12	14	16	19	13	11	14	18	7	8	13	7	12	23	9	12	7	16	3	13	19	3	20	24	16	7	13	8	8	10	6	18	10000	12	11	3	12	15	9	23	22	23	8	7	12	3	18	17	8	14	11	21	12	14	24	7	9	17	11	12	10	24	6	18	13	18	16
47	9	4	22	5	9	14	13	6	4	8	19	16	30	13	9	3	6	8	23	11	3	9	10	8	19	15	2	27	4	23	18	6	13	16	10	10	22	29	12	16	11	10	13	12	17	9	12	10000	23	14	24	20	5	28	18	19	6	9	24	10	21	6	16	25	17	11	4	13	30	10	16	22	16	4	12	30	17	9	19	9	6
48	17	23	26	19	31	28	14	22	26	16	12	15	22	18	21	25	26	30	9	19	25	28	16	18	14	11	23	22	19	4	5	27	11	18	29	14	21	21	25	11	22	18	14	19	7	28	11	23	10000	9	3	17	20	21	28	30	19	17	4	14	20	28	13	9	14	32	23	21	20	16	12	18	15	23	19	22	7	28	14	28	26
49	9	15	23	10	23	21	7	14	18	7	11	11	23	13	14	17	18	21	11	12	16	20	8	10	12	7	14	22	11	10	4	18	4	14	21	5	19	23	18	7	15	11	8	12	4	20	3	14	9	10000	10	14	12	22	22	24	11	9	10	6	18	19	8	12	11	23	14	15	22	8	8	16	11	15	12	23	4	20	12	20	18
50	18	24	28	19	32	30	14	22	27	16	14	14	24	20	22	26	27	31	7	20	25	29	17	18	16	13	23	25	20	6	7	27	11	20	30	15	24	24	25	11	21	18	15	18	7	29	12	24	3	10	10000	19	20	23	30	32	19	17	1	15	22	29	12	6	16	33	23	22	23	17	14	20	17	24	18	24	7	29	16	29	27
51	11	22	10	18	25	15	21	23	22	16	5	24	11	7	12	21	19	24	24	9	19	19	11	21	4	8	21	8	17	14	14	25	18	5	19	14	5	10	28	21	26	22	8	24	17	18	15	20	17	14	19	10000	21	9	13	15	20	20	20	16	4	21	22	24	4	23	22	9	11	11	7	3	4	22	24	11	17	19	4	18	19
52	10	4	25	3	13	18	8	3	8	6	19	12	31	15	11	7	10	12	19	13	8	14	10	3	20	14	4	28	4	21	16	7	10	17	15	8	24	30	8	12	7	5	13	7	14	14	9	5	20	12	20	21	10000	29	22	23	2	4	21	7	23	11	11	21	17	15	3	15	30	10	15	23	17	4	7	31	14	14	20	14	10
53	20	31	12	27	33	22	28	31	31	24	11	32	2	16	21	29	27	32	29	18	28	27	20	29	10	16	29	3	26	18	20	33	25	13	26	22	7	2	37	28	34	30	16	33	23	26	23	28	21	22	23	9	29	10000	17	20	28	29	24	24	8	29	29	29	13	31	30	17	4	19	15	6	13	31	33	2	23	27	10	26	27
54	14	22	6	20	20	6	26	23	20	20	17	30	19	10	11	18	15	19	33	11	17	13	15	24	15	17	20	15	18	25	24	23	24	10	12	19	11	19	30	28	29	26	15	28	25	12	22	18	28	22	30	13	22	17	10000	3	22	24	30	21	11	16	29	34	14	16	22	8	20	15	16	14	14	22	28	19	25	13	15	12	15
55	16	23	8	21	19	6	28	24	20	21	19	32	21	12	13	19	15	19	35	13	17	12	17	25	18	20	21	17	19	28	26	23	26	13	11	21	13	21	30	30	30	27	17	30	28	12	23	19	30	24	32	15	23	20	3	10000	23	25	33	23	13	16	31	36	17	15	23	10	23	17	18	16	16	23	30	21	28	12	18	12	15
56	9	5	25	3	14	19	7	4	9	5	18	11	30	15	11	8	11	13	18	13	8	14	9	3	19	14	5	28	4	20	15	8	9	17	15	7	24	30	9	11	7	4	13	7	13	14	8	6	19	11	19	20	2	28	22	23	10000	3	20	6	22	12	11	20	16	16	4	15	30	10	14	22	16	5	7	30	13	14	19	14	11
57	10	7	26	5	17	21	5	6	12	5	18	8	30	16	13	11	14	16	15	14	11	17	10	2	19	13	8	28	7	18	13	11	6	18	18	7	24	30	9	8	6	2	13	5	11	17	7	9	17	9	17	20	4	29	24	25	3	10000	17	5	23	15	8	17	16	19	7	17	30	11	14	23	17	7	5	30	11	17	19	17	14
58	19	24	29	20	33	30	14	22	27	17	15	14	25	21	23	26	27	31	6	21	26	30	18	18	17	14	23	26	20	7	7	27	11	21	31	15	24	24	25	11	21	18	16	18	7	29	12	24	4	10	1	20	21	24	30	33	20	17	10000	15	23	29	12	5	17	33	23	23	23	18	15	21	17	24	18	25	7	30	17	29	27
59	7	10	23	5	18	19	6	9	13	2	14	10	26	12	11	12	13	17	15	11	12	16	7	6	15	9	9	24	6	15	10	13	4	14	17	3	21	26	13	8	11	6	9	9	8	16	3	10	14	6	15	16	7	24	21	23	6	5	15	10000	19	15	8	16	12	19	9	14	25	7	10	19	13	10	9	26	8	16	15	16	13
60	13	24	7	20	26	15	24	25	24	18	8	27	9	9	14	22	20	25	27	11	21	19	13	24	7	11	22	6	19	17	17	26	21	6	19	16	2	9	31	24	29	25	11	27	20	19	18	21	20	18	22	4	23	8	11	13	22	23	23	19	10000	22	25	27	7	23	24	10	10	13	10	3	7	24	27	9	20	19	7	19	20
61	12	9	21	10	5	11	19	11	5	13	22	22	31	14	9	4	3	4	29	12	4	5	13	14	22	19	8	27	9	27	23	8	19	17	6	15	23	31	16	22	17	16	16	18	23	5	17	6	28	19	29	21	11	29	16	16	12	15	29	15	22	10000	22	30	19	5	9	13	31	13	19	24	19	9	18	31	23	5	22	5	3
62	15	14	30	12	24	27	4	13	19	10	19	3	31	20	19	18	21	23	8	18	18	24	14	9	20	14	15	30	13	15	10	18	5	21	25	10	27	30	14	2	10	8	15	7	7	23	8	16	13	8	12	22	11	29	29	31	11	8	12	8	25	22	10000	10	18	26	14	21	30	15	16	24	19	14	7	31	7	24	20	23	21
63	21	24	33	20	33	33	13	22	28	18	19	11	30	24	25	27	29	32	2	24	27	32	20	18	21	17	24	30	21	12	11	27	12	24	32	17	29	29	23	9	20	17	19	17	9	31	14	25	9	12	6	24	21	29	34	36	20	17	5	16	27	30	10	10000	21	34	23	26	28	20	18	25	21	24	17	30	9	32	21	31	29
64	8	19	13	15	23	15	17	19	20	12	4	21	14	6	10	18	17	22	20	7	17	18	8	17	3	5	17	12	14	12	11	22	14	4	18	10	9	14	25	17	22	18	4	21	13	17	11	17	14	11	16	4	17	13	14	17	16	16	17	12	7	19	18	21	10000	22	19	8	14	7	3	7	1	19	21	14	13	18	3	17	17
65	15	13	21	15	5	10	23	15	9	17	25	27	32	17	12	9	6	5	33	15	8	4	16	18	24	22	12	29	14	31	27	11	23	19	5	19	24	32	20	26	21	20	19	22	27	5	21	11	32	23	33	23	15	31	16	15	16	19	33	19	23	5	26	34	22	10000	14	15	33	17	22	25	21	13	22	32	27	4	24	5	6
66	11	1	26	5	11	18	11	2	6	8	21	14	32	16	12	6	9	10	21	14	7	13	11	6	21	16	2	30	5	23	18	5	12	19	14	10	25	32	8	14	8	7	15	9	17	13	12	4	23	14	23	22	3	30	22	23	4	7	23	9	24	9	14	23	19	14	10000	16	32	12	17	25	18	1	9	32	17	13	21	13	9
67	7	16	10	13	17	8	19	17	15	12	11	23	18	3	5	14	11	16	25	3	12	11	7	17	10	10	14	15	11	19	16	18	17	5	10	11	10	18	23	20	22	18	8	21	18	10	14	13	21	15	22	9	15	17	8	10	15	17	23	14	10	13	21	26	8	15	16	10000	19	7	9	11	8	16	21	18	18	11	10	10	11
68	22	32	15	28	36	25	29	33	33	25	12	32	3	18	23	31	29	35	29	20	30	29	21	30	11	17	31	6	27	17	20	35	26	15	29	23	10	2	38	28	36	31	18	33	23	28	24	30	20	22	23	11	30	4	20	23	30	30	23	25	10	31	30	28	14	33	32	19	10000	21	16	8	14	32	33	3	23	29	11	28	29
69	2	12	16	8	17	13	12	12	13	6	10	16	21	6	6	12	11	16	19	4	11	13	1	11	10	6	11	18	7	15	11	15	10	8	13	5	14	20	18	14	16	13	4	15	12	12	7	10	16	8	17	11	10	19	15	17	10	11	18	7	13	13	15	20	7	17	12	7	21	10000	6	13	7	12	15	21	12	13	10	12	11
70	7	18	15	13	23	17	14	17	19	10	4	18	16	7	10	18	17	22	18	8	16	18	7	15	5	2	16	15	12	10	8	21	11	7	18	8	12	16	23	14	20	16	3	18	11	17	9	16	12	8	14	7	15	15	16	18	14	14	15	10	10	19	16	18	3	22	17	9	16	6	10000	9	3	18	18	16	11	18	5	17	17
71	14	25	10	21	28	17	23	25	25	18	6	27	8	10	15	24	22	27	25	12	22	21	14	23	5	10	23	6	20	15	15	27	20	7	21	16	5	8	31	23	29	25	10	27	18	21	17	22	18	16	20	3	23	6	14	16	22	23	21	19	3	24	24	25	7	25	25	11	8	13	9	10000	7	25	27	8	18	21	5	21	22
72	8	19	12	14	23	15	17	19	19	12	4	21	14	5	10	18	16	22	21	7	17	17	7	17	4	5	17	12	14	12	11	21	14	4	17	10	9	14	25	17	22	18	4	21	14	16	11	16	15	11	17	4	17	13	14	16	16	17	17	13	7	19	19	21	1	21	18	8	14	7	3	7	10000	19	21	14	14	17	4	16	16
73	12	10000	26	5	11	18	11	3	5	9	22	14	33	16	12	5	9	9	22	14	6	13	12	6	22	17	2	30	6	24	19	4	13	19	14	11	25	32	8	15	8	8	15	9	17	12	12	4	23	15	24	22	4	31	22	23	5	7	24	10	24	9	14	24	19	13	1	16	32	12	18	25	19	10000	9	33	17	13	22	12	9
74	15	9	31	9	20	25	5	7	14	10	22	6	34	20	18	14	17	18	15	18	15	21	15	5	23	17	10	32	11	21	16	13	9	22	22	11	29	34	7	8	4	3	17	10000	13	21	10	12	19	12	18	24	7	33	28	30	7	5	18	9	27	18	7	17	21	22	9	21	33	15	18	27	21	9	10000	34	13	21	23	21	17
75	22	33	14	28	35	23	30	33	32	26	13	33	10000	17	22	31	29	34	31	19	30	28	21	31	12	18	31	4	27	19	21	35	27	15	28	24	9	1	39	29	36	32	18	34	25	28	24	30	22	23	24	11	31	2	19	21	30	30	25	26	9	31	31	30	14	32	32	18	3	21	16	8	14	33	34	10000	25	28	12	28	29
76	13	17	25	13	26	25	8	16	21	10	13	10	25	16	17	20	21	24	8	15	19	24	12	12	14	9	17	24	14	9	4	21	5	16	24	9	22	24	19	6	16	12	11	13	10000	23	6	17	7	4	7	17	14	23	25	28	13	11	7	8	20	23	7	9	13	27	17	18	23	12	11	18	14	17	13	25	10000	24	14	23	21
77	12	13	18	13	8	7	21	14	8	15	21	25	28	13	8	8	4	7	30	11	7	10000	13	17	20	18	11	25	11	27	23	12	20	15	2	15	20	28	20	24	20	18	16	21	24	1	18	9	28	20	29	19	14	27	13	12	14	17	30	16	19	5	24	32	18	4	13	11	29	13	18	21	17	13	21	28	24	10000	20	1	4
78	11	22	13	17	26	17	19	22	22	14	2	22	12	8	13	21	20	25	21	10	20	20	10	20	10000	6	20	10	16	11	11	24	15	6	20	12	8	11	27	18	25	21	7	23	14	20	13	19	14	12	16	4	20	10	15	18	19	19	17	15	7	22	20	21	3	24	21	10	11	10	5	5	4	22	23	12	14	20	10000	20	20
79	11	12	17	12	8	7	20	14	8	14	20	24	28	12	7	8	4	8	30	10	7	1	12	16	20	18	11	24	11	27	23	12	20	14	2	15	19	28	20	23	20	18	15	21	23	10000	18	9	28	20	29	18	14	26	12	12	14	17	29	16	19	5	23	31	17	5	13	10	28	12	17	21	16	12	21	28	23	1	20	10000	4
80	10	9	19	9	7	10	17	11	5	12	20	21	29	12	7	4	10000	6	27	10	3	4	11	13	20	17	7	26	8	26	21	8	17	15	5	13	21	29	16	20	16	15	14	17	21	4	16	6	26	18	27	19	10	27	15	15	11	14	27	13	20	3	21	29	17	6	9	11	29	11	17	22	16	9	17	29	21	4	20	4	10000
;
param w_id:	1	2	3	:=
1	0	1	0	
2	1	1	1	
3	1	1	1	
4	1	0	1	
5	1	1	1	
6	0	0	1	
7	0	0	1	
8	1	0	0	
9	0	1	1	
10	1	1	1	
11	0	1	1	
12	1	0	1	
13	1	1	1	
14	1	1	1	
15	1	1	1	
16	0	1	0	
17	1	0	1	
18	1	1	1	
19	1	1	0	
20	0	1	0	
21	1	0	1	
22	0	0	1	
23	0	0	1	
24	1	1	1	
25	1	0	1	
26	1	1	1	
27	1	0	1	
28	1	1	1	
29	1	1	0	
30	0	1	1	
31	1	1	1	
32	1	0	1	
33	1	0	1	
34	1	0	1	
35	0	1	1	
36	1	1	0	
37	1	1	0	
38	1	1	1	
39	0	0	1	
40	1	0	1	
41	1	1	0	
42	1	1	1	
43	1	1	0	
44	1	1	0	
45	1	1	1	
46	0	1	1	
47	1	1	1	
48	1	1	1	
49	1	0	1	
50	0	1	1	
51	0	1	1	
52	1	1	1	
53	0	1	1	
54	0	1	0	
55	1	1	1	
56	0	1	0	
57	0	1	1	
58	1	0	1	
59	0	1	1	
60	1	1	1	
61	0	0	0	
62	0	1	1	
63	0	0	1	
64	0	0	1	
65	1	1	1	
66	0	1	0	
67	1	0	1	
68	0	1	1	
69	1	0	1	
70	1	1	1	
71	0	1	0	
72	1	1	1	
73	0	1	0	
74	1	1	0	
75	1	0	1	
76	1	1	0	
77	1	0	1	
78	1	1	1	
79	1	1	1	
80	0	1	0	
;
param e_id:	1	2	3	:=
0	0	0	0	
1	207	207	207	
2	247	247	247	
3	352	352	352	
4	486	486	486	
5	549	549	549	
6	222	222	222	
7	343	343	343	
8	385	385	385	
9	459	459	459	
10	571	571	571	
11	198	198	198	
12	299	299	299	
13	369	369	369	
14	461	461	461	
15	552	552	552	
16	256	256	256	
17	323	323	323	
18	365	365	365	
19	454	454	454	
20	521	521	521	
21	157	157	157	
22	248	248	248	
23	346	346	346	
24	453	453	453	
25	573	573	573	
26	198	198	198	
27	538	538	538	
28	411	411	411	
29	495	495	495	
30	566	566	566	
31	212	212	212	
32	275	275	275	
33	345	345	345	
34	268	268	268	
35	542	542	542	
36	123	123	123	
37	218	218	218	
38	364	364	364	
39	446	446	446	
40	531	531	531	
41	12	12	12	
42	108	108	108	
43	227	227	227	
44	457	457	457	
45	336	336	336	
46	120	120	120	
47	199	199	199	
48	426	426	426	
49	67	67	67	
50	539	539	539	
51	139	139	139	
52	496	496	496	
53	326	326	326	
54	490	490	490	
55	539	539	539	
56	190	190	190	
57	311	311	311	
58	408	408	408	
59	498	498	498	
60	538	538	538	
61	12	12	12	
62	145	145	145	
63	195	195	195	
64	537	537	537	
65	371	371	371	
66	11	11	11	
67	105	105	105	
68	149	149	149	
69	393	393	393	
70	489	489	489	
71	151	151	151	
72	409	409	409	
73	207	207	207	
74	227	227	227	
75	299	299	299	
76	457	457	457	
77	157	157	157	
78	453	453	453	
79	336	336	336	
80	256	256	256	
;
param l_id:	1	2	3	:=
0	643	643	643	
1	207	207	207	
2	247	247	247	
3	352	352	352	
4	486	486	486	
5	549	549	549	
6	222	222	222	
7	343	343	343	
8	385	385	385	
9	459	459	459	
10	571	571	571	
11	198	198	198	
12	299	299	299	
13	369	369	369	
14	461	461	461	
15	552	552	552	
16	256	256	256	
17	323	323	323	
18	365	365	365	
19	454	454	454	
20	521	521	521	
21	157	157	157	
22	248	248	248	
23	346	346	346	
24	453	453	453	
25	573	573	573	
26	198	198	198	
27	538	538	538	
28	411	411	411	
29	495	495	495	
30	566	566	566	
31	212	212	212	
32	275	275	275	
33	345	345	345	
34	268	268	268	
35	542	542	542	
36	123	123	123	
37	218	218	218	
38	364	364	364	
39	446	446	446	
40	531	531	531	
41	12	12	12	
42	108	108	108	
43	227	227	227	
44	457	457	457	
45	336	336	336	
46	120	120	120	
47	199	199	199	
48	426	426	426	
49	67	67	67	
50	539	539	539	
51	139	139	139	
52	496	496	496	
53	326	326	326	
54	490	490	490	
55	539	539	539	
56	190	190	190	
57	311	311	311	
58	408	408	408	
59	498	498	498	
60	538	538	538	
61	12	12	12	
62	145	145	145	
63	195	195	195	
64	537	537	537	
65	371	371	371	
66	11	11	11	
67	105	105	105	
68	149	149	149	
69	393	393	393	
70	489	489	489	
71	151	151	151	
72	409	409	409	
73	207	207	207	
74	227	227	227	
75	299	299	299	
76	457	457	457	
77	157	157	157	
78	453	453	453	
79	336	336	336	
80	256	256	256	
;
param prefer_id:	1	2	3	4	5	6	7	8	9	10	11	12	13	14	15	16	:=
1		7.83817		-5.24585		-3.37946		4.87508		7.09921		-0.356906		8.33378		-1.17684		-5.9672		0.297408		-4.71256		5.68797		-4.65343		2.63271		-4.24213		0.774647
2		-2.25683		-6.76109		4.08178		-7.2323		9.96118		7.56074		6.01483		-5.44971		6.71487		3.29725		-2.04516		9.14028		8.8297		4.75626		7.37629		8.57971
3		1.73721		-6.6586		0.765702		3.74219		9.93918		-9.02074		7.42849		9.80193		4.60006		-1.40383		-6.2596		3.29584		-7.99251		-4.74038		-0.473441		7.62066
4		-3.71533		5.06957		5.52596		5.71382		-8.10968		2.26315		1.57846		-4.74813		9.18861		-6.08357		-5.4433		-2.15012		-4.6954		-0.66036		-0.829331		-1.74294
5		-0.851128		3.29253		-2.39948		4.32578		-6.1841		5.97647		6.74891		-7.82052		-7.98602		0.141513		-9.89647		-5.17061		-4.30172		7.12951		-8.87928		9.05667
6		-3.56232		2.48443		0.521048		1.12938		9.81983		3.38157		9.65735		9.91708		9.90519		6.40081		4.43899		5.53448		7.40105		4.08172		8.05497		4.43966
7		6.07298		-3.26548		-4.76487		0.618057		1.20934		-9.98116		3.09353		8.44174		8.61633		8.86468		-9.53815		8.26483		0.974534		2.91951		-3.77905		7.20061
8		-5.35858		-8.8949		7.8153		-3.44642		5.14997		-7.18545		9.57255		0.378038		8.07985		-6.08946		1.32068		-7.06702		1.26117		7.2989		2.75956		7.5739
9		-2.6405		-4.58282		-2.81954		-5.65928		-2.37418		6.97953		-0.876658		9.02393		1.30125		-1.21314		-1.46681		-6.34313		3.64805		6.56063		8.05784		-8.85296
10		1.17256		4.05899		9.46832		-9.69962		-6.91491		7.97997		0.815107		-1.54623		-5.75119		3.60626		5.15262		0.0747475		-5.8258		-1.67707		-9.19811		3.09526
11		-4.94555		-1.13053		-6.20905		7.54292		0.388499		6.31896		1.27107		-0.997716		-2.51723		-6.78526		-0.73026		5.43431		-3.72054		-1.8402		-7.11227		9.63863
12		-8.79261		2.83935		5.077		-9.18644		7.32791		-2.42702		-9.87788		-6.80112		5.35717		9.67171		9.99706		-4.67584		5.75365		-9.57932		-4.62579		-9.95272
13		8.63898		-2.15622		-3.54673		8.05448		6.88286		8.61578		-2.31626		8.1808		0.718632		9.09087		-0.0797208		-9.70444		-1.41059		-2.74707		4.14986		3.5258
14		6.57961		3.6418		-9.27113		-2.61607		9.36288		3.98344		-4.48686		6.17448		-9.07663		-8.05226		2.22883		-6.50081		5.85392		6.67468		2.99919		-1.47047
15		9.208		-5.25884		3.03412		9.46496		3.54113		-1.42938		-5.36921		7.67668		8.24512		-4.31552		-3.40496		-2.78383		-5.67972		9.26746		-6.67165		-1.25712
16		-1.49027		-1.2164		-8.6335		-4.21642		-6.7174		-1.63115		-0.274775		5.90487		-4.05753		3.56681		4.48488		-5.06837		4.04682		-2.25717		4.79909		-2.69798
17		1.03875		8.79645		-7.21082		-9.66127		5.45802		-4.7382		-4.76576		3.80423		-6.95907		-9.73666		-5.84293		2.72325		-2.64666		-7.65299		9.19387		0.231408
18		-5.28811		8.34603		9.17971		-2.65543		-3.83906		-8.94992		1.45953		-1.85278		3.30118		6.76231		1.39893		6.0664		-8.36056		2.00371		7.30235		-8.7682
19		9.80985		-0.503733		-5.30546		-3.98741		9.18018		6.5978		-0.110094		-5.98936		-3.35132		-2.96515		5.43113		-9.93951		7.11827		5.54066		-5.06027		-6.17433
20		-0.881986		9.93365		1.87606		3.38992		0.989584		-6.1947		0.398977		3.28186		-6.74779		1.17264		2.00028		0.0414798		-6.43416		0.478999		-9.05161		-9.18849
21		7.46209		0.468872		1.76671		4.23069		-2.2258		-0.657294		4.53439		6.9908		2.92894		8.36405		3.95178		-0.463328		-6.71862		1.98068		-2.03304		-2.16024
22		-9.61928		6.70569		-3.26245		6.5299		0.650013		3.88673		-4.57599		-4.98618		-9.9969		8.03511		9.07574		0.150728		4.21403		8.42075		0.46047		4.21114
23		-1.27394		-3.53336		4.07009		-0.751937		8.01741		4.76532		-6.74056		-1.19671		5.07286		0.379613		-3.9987		6.81816		-6.61587		-5.69248		-9.12365		-7.8563
24		-8.96817		-3.37193		-4.07686		-8.47714		-2.84098		-5.62366		7.92112		6.01479		9.31317		4.51545		8.01511		6.76156		-9.76194		-8.95731		-5.34954		3.41289
25		3.50749		4.67433		-2.97535		-9.22056		3.2271		-8.01091		-2.74389		-2.15616		6.47465		-5.03122		5.05921		1.98668		0.343293		5.00028		-2.06233		-1.56159
26		-3.58989		-9.29615		3.72369		2.25728		8.19603		-5.50061		-1.95046		-6.55416		-3.08305		-9.07614		-9.80238		8.19835		-1.20689		4.18621		-8.77607		-5.56827
27		-9.62148		-9.43772		-8.43211		6.39366		-4.76066		5.2397		-7.59004		-2.76632		-5.04681		-2.83533		-8.11492		3.80897		-1.13817		7.23429		3.57168		-5.96724
28		4.90737		9.18221		7.31112		7.04002		5.47458		-8.14006		-3.38432		-8.1101		-6.53631		3.84991		-6.67414		4.21208		1.08966		-5.33017		3.35392		-9.04907
29		3.43395		-3.92224		-6.73258		-8.77282		-2.36734		-2.62832		3.90548		-6.60747		3.53865		-0.116234		5.64776		-6.98174		4.48851		-1.25191		4.56124		-3.96763
30		7.69836		7.47406		5.03231		-1.47711		-2.33953		2.1632		-9.16729		-5.07973		2.8436		-0.444221		8.78174		9.65633		-1.85722		-4.69581		6.40574		-9.89188
31		3.71704		4.6537		1.04881		-7.09868		-3.91003		2.97242		-9.03581		-8.51717		6.04019		-0.325827		-2.60662		-6.33283		2.68135		8.65141		1.92187		4.23904
32		-8.36679		-5.69844		-3.59951		9.56637		6.16002		7.10601		5.68528		-6.68447		-9.61086		5.63963		3.17431		-7.86299		-1.12989		9.40007		-1.94511		-8.97315
33		-8.17654		2.06045		-0.309801		-2.01902		-3.52451		0.283656		-6.06048		-1.85249		2.88155		1.39606		-8.97415		-2.18272		-9.45588		-5.37572		1.34769		-4.32845
34		5.43185		2.45793		-8.81853		-0.258552		2.17901		-7.17057		4.77609		-7.60867		-0.728356		4.8124		-4.46606		-7.59787		2.95994		0.671673		8.80719		-3.28177
35		1.05139		3.00246		5.51659		6.50342		4.81268		7.13426		-7.22937		-9.07454		-8.58509		-6.11353		3.47332		7.64099		-9.61551		-8.1247		0.520537		0.416685
36		-7.34989		8.85407		0.783549		1.44489		7.97186		-1.26919		-8.1457		7.40669		-8.88655		-0.647165		-8.95557		5.08597		-9.20352		-0.842715		-6.94703		5.41915
37		5.66915		8.77415		-5.91061		0.520198		9.36829		6.40958		-5.29194		-5.87454		0.0939201		-7.89385		4.50263		-3.99074		-4.97374		7.24455		6.83569		-3.22135
38		-7.11072		2.02579		-2.54982		0.00560037		-8.33617		-0.860123		-6.70128		6.97511		-1.85234		8.78309		5.37349		5.72945		1.20363		3.41194		9.94		-6.60495
39		4.601		-1.1696		-1.78468		2.48011		4.09384		-0.877345		3.97602		3.522		-6.79037		0.881457		9.29527		-7.86787		7.66821		-3.30991		-8.58369		-9.73767
40		-5.64197		-2.89874		0.715912		-5.42849		-0.029706		9.93875		1.42853		4.17252		-7.74714		-4.7943		0.406368		-3.12951		4.50441		4.77989		9.41148		-9.62146
41		6.94268		6.91108		7.56396		-1.8679		2.97093		-7.21506		9.27505		2.00608		4.32715		-4.77235		-8.79957		-7.31731		-4.0016		-2.95292		5.23351		-2.4108
42		7.95356		3.81492		-6.927		-6.26446		9.85318		4.28139		-0.919859		0.531918		3.83771		-3.00161		8.26565		-5.44522		1.6985		-0.607848		-9.40756		3.90482
43		-0.330556		4.96573		8.12675		-0.0698205		-1.72731		-8.56651		1.34778		8.06037		-1.02463		5.32272		3.69314		-7.5073		0.934388		0.642545		-1.14263		0.00957082
44		1.84163		-7.11763		6.41639		-4.19085		-1.91607		-9.7758		3.11487		6.93998		-2.21188		8.86735		4.8806		-6.31177		-8.48554		-0.66918		-7.86909		9.46234
45		-8.32757		-8.76426		-1.01821		-2.44341		-7.14506		-2.50651		7.21797		8.2853		-0.111565		-1.06191		-0.157595		-7.97259		-1.01038		9.35464		4.39697		-9.61129
46		3.38345		-0.744416		-1.86281		-6.34974		2.80941		8.31808		-9.98833		-9.45646		6.63649		-0.880796		-1.19831		2.27376		7.86065		-8.64243		-5.662		-2.5513
47		9.73625		6.91358		4.39162		8.04333		-8.79004		-3.52154		7.90571		9.37343		2.21774		1.55978		-3.02303		3.90451		2.79673		5.35319		-0.348135		2.27498
48		-2.48448		-6.194		3.45698		8.19628		-2.87961		-7.74134		-2.31766		7.97672		4.02624		1.2469		0.389238		2.74673		-5.21446		9.95089		-5.19571		-8.65436
49		0.320737		-4.03694		-4.01016		-3.00668		-8.89119		0.953004		2.01915		5.92854		3.15002		-6.83205		2.15233		4.80425		-1.947		-4.02761		1.84771		-1.19462
50		-2.70394		-5.16735		-3.75963		-8.41386		7.03772		-9.30956		3.94204		-1.90932		-2.97862		5.51993		2.78151		7.81665		0.883537		8.64475		7.45956		9.9812
51		-7.62782		-6.56728		5.84567		4.28835		-0.68234		5.75044		-8.47192		3.03809		-0.276517		-0.731153		-6.15366		6.70712		0.4214		8.15961		-8.35786		4.56202
52		0.985708		7.59043		3.882		-7.82793		8.70496		1.05602		-3.9752		6.26166		-2.65652		-4.11106		8.81293		-8.64358		-3.6049		-0.478104		-8.42817		-7.96624
53		-5.3959		-5.60143		2.96007		0.0771658		-8.62914		5.76141		6.75728		9.84223		-5.71529		7.28054		8.00635		6.11164		-3.88083		-4.18751		4.39077		4.70306
54		3.17986		-3.97747		-7.20794		8.10843		-3.46554		8.82723		-2.34512		-6.25122		3.04665		-8.47418		-0.55125		-5.06218		9.07177		9.81202		-9.6451		9.78724
55		-9.14382		-8.6314		9.62531		-8.2481		0.648323		-2.60931		7.68852		-7.15401		-1.24185		-0.336445		-6.23269		-4.87167		2.22081		9.18877		-0.532737		-7.56103
56		-4.37312		-2.78937		-9.65672		9.9962		-0.200856		2.81082		-5.95026		5.76229		1.66564		2.25953		-1.15458		0.66031		-4.56407		4.3986		-6.88283		7.50671
57		-9.97179		-8.86272		5.18816		1.28493		7.99874		4.45271		-4.06861		5.41151		-3.89703		5.83231		6.25324		0.723947		-6.80758		-1.77103		3.7553		6.91766
58		4.31391		2.87606		-9.44142		9.79309		-5.96341		-4.88962		2.77336		3.06257		-1.89154		-9.64457		-8.18797		2.17168		-8.80115		8.2845		0.897685		1.55031
59		-9.14208		-4.79469		8.90796		-4.99888		2.73835		-5.97097		-2.6713		-5.49874		-0.796272		-1.92612		3.12972		-3.18247		-5.54951		8.17986		5.10894		4.30754
60		1.22046		-7.53043		5.11587		-3.03068		0.953365		6.21605		-1.36029		5.1088		0.520693		2.28023		-1.56845		-4.81669		-6.78123		-2.95856		6.16379		1.42534
61		-6.85195		3.39641		-8.96374		1.56348		7.69056		-9.73309		-2.16792		-0.501282		-8.93274		3.93485		-4.52333		-3.67011		8.90102		0.393951		2.29623		-3.13029
62		2.53895		2.5512		-7.98057		-6.47809		9.97798		-0.789389		-2.74448		-9.83467		-8.13449		6.15771		5.35622		-1.60089		-2.94849		-2.83682		-8.27165		5.32167
63		-2.72155		6.98402		1.60247		9.88287		4.98718		-0.652273		-2.34724		5.2168		-5.68116		8.60611		8.61941		4.46846		-4.74996		0.790204		-7.72377		5.1263
64		2.91423		2.64855		9.21519		-8.35124		0.045238		9.55708		8.47003		-9.72634		3.47381		9.63414		-1.89266		8.94548		5.53353		9.29892		-4.14785		1.19288
65		-8.51702		-6.39676		1.00712		-7.10643		-0.918028		3.46214		3.78386		8.68905		1.85857		-4.25226		-1.97769		-5.55706		-7.86513		-6.21221		3.80513		-9.44679
66		5.68131		8.78638		-3.80966		-5.22803		9.66212		2.71315		-5.36999		2.34609		-8.25882		9.03286		-1.57918		5.76626		-2.10343		7.7393		3.92648		2.86378
67		-5.72433		5.04353		-6.92839		7.11094		8.13798		-1.63557		-3.5415		7.75907		0.11726		6.6323		-9.21187		-7.64083		4.08734		-5.76228		0.325254		-9.82539
68		-0.624418		-0.741354		-6.70003		-8.26407		-2.23635		-6.42395		-6.84826		-2.38241		-2.97848		3.05884		9.46037		-3.45227		8.8146		-6.28882		-0.488481		-1.79861
69		4.44541		-6.0543		8.34936		-9.23814		2.62102		-1.48244		1.58062		-0.874872		-4.96376		-2.72152		-2.79169		0.621582		4.2242		6.55221		3.07134		-0.654946
70		-6.10791		-6.36917		6.90968		5.07731		-2.75079		0.317416		-1.20443		6.27575		-4.57665		-1.84538		5.40974		-0.461731		-6.77515		7.74639		-8.98107		-2.44395
71		9.88636		-4.49666		-8.67074		7.45564		3.84554		1.07529		1.42643		1.54438		-9.09152		-5.22745		5.97381		0.00845628		1.71239		-6.61194		-3.82693		4.75694
72		1.3522		9.03224		1.15977		-3.66597		9.24886		4.43458		-0.227925		7.41795		3.10098		2.83		-1.01609		-5.71101		-4.34797		8.18548		2.02719		1.19188
73		7.83817		-5.24585		-3.37946		4.87508		7.09921		-0.356906		8.33378		-1.17684		-5.9672		0.297408		-4.71256		5.68797		-4.65343		2.63271		-4.24213		0.774647
74		-0.330556		4.96573		8.12675		-0.0698205		-1.72731		-8.56651		1.34778		8.06037		-1.02463		5.32272		3.69314		-7.5073		0.934388		0.642545		-1.14263		0.00957082
75		-8.79261		2.83935		5.077		-9.18644		7.32791		-2.42702		-9.87788		-6.80112		5.35717		9.67171		9.99706		-4.67584		5.75365		-9.57932		-4.62579		-9.95272
76		1.84163		-7.11763		6.41639		-4.19085		-1.91607		-9.7758		3.11487		6.93998		-2.21188		8.86735		4.8806		-6.31177		-8.48554		-0.66918		-7.86909		9.46234
77		7.46209		0.468872		1.76671		4.23069		-2.2258		-0.657294		4.53439		6.9908		2.92894		8.36405		3.95178		-0.463328		-6.71862		1.98068		-2.03304		-2.16024
78		-8.96817		-3.37193		-4.07686		-8.47714		-2.84098		-5.62366		7.92112		6.01479		9.31317		4.51545		8.01511		6.76156		-9.76194		-8.95731		-5.34954		3.41289
79		-8.32757		-8.76426		-1.01821		-2.44341		-7.14506		-2.50651		7.21797		8.2853		-0.111565		-1.06191		-0.157595		-7.97259		-1.01038		9.35464		4.39697		-9.61129
80		-1.49027		-1.2164		-8.6335		-4.21642		-6.7174		-1.63115		-0.274775		5.90487		-4.05753		3.56681		4.48488		-5.06837		4.04682		-2.25717		4.79909		-2.69798
;
