#./transfer/case_1_80_16_8_3
set N0 = 0;
set N1 = 2  3  5  6  7  8  10  11  12  14  15  16  17  18  19  20  21  23  24  25  27  28  29  30  31  32  33  34  35  36  37  38  39  40  41  42  43  44  45  46  47  48  49  50  51  52  53  54  55  56  57  58  61  62  63  64  65  66  67  68  69  70  71  72  73  74  75  76  77  78  79  80  ;
set N2 = 58  61  62  63  64  65  66  67  68  69  70  71  72  73  74  75  ;
set Shared1:= 58  61  62  63  64  65  66  67  ;
set Shared2:= 68  69  70  71  72  73  74  75  ;
set Shared_Visited:= (58,68),(61,69),(62,70),(63,71),(64,72),(65,73),(66,74),(67,75),;
param kn:= 16;
param dn:= 3;
param T:= 718;
param s_id:	1	2	3	:=
0	0	0	0	
1	55	55	55	
2	91	91	91	
3	39	39	39	
4	84	84	84	
5	73	73	73	
6	72	72	72	
7	21	21	21	
8	61	61	61	
9	49	49	49	
10	98	98	98	
11	62	62	62	
12	111	111	111	
13	73	73	73	
14	101	101	101	
15	53	53	53	
16	88	88	88	
17	109	109	109	
18	83	83	83	
19	70	70	70	
20	77	77	77	
21	122	122	122	
22	56	56	56	
23	47	47	47	
24	77	77	77	
25	59	59	59	
26	56	56	56	
27	37	37	37	
28	50	50	50	
29	48	48	48	
30	74	74	74	
31	81	81	81	
32	116	116	116	
33	41	41	41	
34	82	82	82	
35	50	50	50	
36	78	78	78	
37	123	123	123	
38	45	45	45	
39	47	47	47	
40	40	40	40	
41	69	69	69	
42	111	111	111	
43	81	81	81	
44	95	95	95	
45	58	58	58	
46	128	128	128	
47	37	37	37	
48	99	99	99	
49	9	9	9	
50	76	76	76	
51	59	59	59	
52	68	68	68	
53	87	87	87	
54	63	63	63	
55	69	69	69	
56	81	81	81	
57	62	62	62	
58	108	108	108	
59	50	50	50	
60	57	57	57	
61	96	96	96	
62	106	106	106	
63	67	67	67	
64	45	45	45	
65	65	65	65	
66	39	39	39	
67	86	86	86	
68	97	97	97	
69	53	53	53	
70	79	79	79	
71	87	87	87	
72	15	15	15	
73	49	49	49	
74	57	57	57	
75	55	55	55	
76	84	84	84	
77	50	50	50	
78	56	56	56	
79	73	73	73	
80	56	56	56	
;
param t_ij:  0	1	2	3	4	5	6	7	8	9	10	11	12	13	14	15	16	17	18	19	20	21	22	23	24	25	26	27	28	29	30	31	32	33	34	35	36	37	38	39	40	41	42	43	44	45	46	47	48	49	50	51	52	53	54	55	56	57	58	59	60	61	62	63	64	65	66	67	68	69	70	71	72	73	74	75	76	77	78	79	80	:=
0	0	23	13	21	21	21	11	19	20	15	17	10	22	22	15	25	24	18	25	23	22	22	25	21	16	19	17	13	25	12	18	13	5	19	19	13	21	20	22	12	12	16	17	19	19	4	12	10	15	20	13	19	21	18	21	17	14	22	23	13	7	11	17	8	18	21	7	20	12	19	19	12	11	15	7	23	21	13	17	22	25
1	23	10000	11	42	28	43	12	10	42	8	21	31	31	41	29	47	32	14	47	9	45	24	41	39	13	35	9	19	46	26	21	34	23	13	25	32	26	8	42	33	21	27	33	38	15	26	27	24	32	28	34	4	31	17	7	37	23	23	8	10	18	33	13	20	32	41	29	36	27	28	41	30	13	8	18	10000	28	10	9	41	41
2	13	11	10000	32	26	34	5	14	33	4	19	22	21	30	24	38	30	7	37	11	35	24	30	28	5	29	11	9	37	21	12	25	12	15	23	22	25	13	34	25	11	16	22	27	9	16	21	18	21	26	26	9	28	9	14	29	13	23	10	5	7	24	6	13	21	30	18	26	21	18	32	23	6	4	7	11	26	5	11	30	30
3	21	42	32	10000	35	11	31	39	13	35	34	16	25	11	26	14	36	33	11	41	6	38	18	11	32	27	37	27	15	27	30	17	20	38	35	11	37	40	18	15	24	22	16	11	34	18	25	26	14	34	16	39	33	32	41	16	24	38	40	33	25	11	34	27	19	6	14	15	25	24	11	21	31	35	25	42	35	33	37	11	18
4	21	28	26	35	10000	28	22	19	26	25	8	20	42	41	9	31	5	33	33	34	33	5	45	39	31	12	19	32	29	9	36	19	26	16	4	32	3	21	23	20	31	36	37	38	34	21	11	11	35	2	20	25	5	34	22	21	34	7	33	22	24	25	32	15	39	38	25	40	11	39	27	14	20	25	24	28	10000	22	19	41	45
5	21	43	34	11	28	10000	31	38	3	36	30	12	34	22	20	5	29	38	5	44	6	32	29	21	36	18	36	32	5	22	36	11	23	36	30	18	30	39	8	11	29	29	24	21	38	18	20	22	22	27	10	40	25	37	40	8	30	33	43	33	27	11	37	25	28	17	17	25	20	32	2	15	31	36	27	43	28	33	36	22	29
6	11	12	5	31	22	31	10000	11	30	5	15	20	24	30	19	35	26	12	35	15	33	20	32	29	9	25	8	12	34	16	16	22	12	11	19	21	21	11	31	21	13	19	23	28	13	14	17	14	22	21	22	9	24	13	12	26	15	19	13	3	7	21	11	9	23	30	17	27	17	21	29	19	2	5	7	12	22	3	8	30	32
7	19	10	14	39	19	38	11	10000	36	11	11	26	34	40	21	41	23	20	42	18	40	15	42	39	18	26	3	22	40	18	25	27	22	3	15	31	16	3	35	27	23	29	33	38	21	22	19	16	32	18	28	8	22	22	4	31	26	13	17	9	17	29	18	14	33	39	26	37	20	31	36	23	10	11	17	10	19	9	3	40	42
8	20	42	33	13	26	3	30	36	10000	35	28	11	34	23	18	6	27	37	7	43	8	30	30	22	35	16	35	31	5	20	36	9	23	35	28	19	29	38	6	9	29	30	25	22	38	17	18	21	23	25	9	39	23	36	39	6	30	31	42	32	27	11	37	23	28	18	16	26	18	32	3	14	30	35	27	42	26	32	35	23	30
9	15	8	4	35	25	36	5	11	35	10000	18	24	24	33	24	40	29	10	39	10	37	22	34	32	8	30	8	13	39	20	16	27	15	12	22	25	24	10	35	26	14	20	26	31	11	18	21	18	25	24	27	5	28	12	10	30	16	21	9	4	10	26	8	13	25	33	21	29	22	22	34	24	6	10000	10	8	25	4	8	33	34
10	17	21	19	34	8	30	15	11	28	18	10000	19	36	38	11	33	12	26	34	27	34	6	42	37	24	16	12	25	32	9	30	20	21	9	5	29	7	13	26	20	25	31	33	35	27	18	11	9	31	8	20	18	11	27	15	23	28	5	26	14	18	23	25	10	34	36	22	36	11	33	29	15	13	18	18	21	8	14	12	38	42
11	10	31	22	16	20	12	20	26	11	24	19	10000	27	21	12	16	22	27	16	33	15	23	27	20	25	14	24	22	15	12	26	4	13	25	20	13	22	27	12	3	20	22	19	19	28	7	10	11	17	19	4	28	18	27	29	7	21	24	32	21	16	5	27	13	22	18	8	22	10	25	11	7	19	24	16	31	20	21	24	21	27
12	22	31	21	25	42	34	24	34	34	24	36	27	10000	17	36	38	45	17	35	25	31	42	13	16	18	40	31	12	38	33	10	31	17	35	40	16	42	33	38	29	12	6	10	16	16	22	33	31	12	41	31	29	42	15	34	34	9	41	25	25	19	25	18	28	7	21	20	12	33	4	32	32	25	24	19	31	42	25	31	17	13
13	22	41	30	11	41	22	30	40	23	33	38	21	17	10000	32	24	43	29	21	37	17	42	8	2	29	34	38	23	25	32	24	24	19	40	40	10	42	41	28	22	20	16	9	3	29	20	30	30	9	39	23	38	39	28	42	25	19	43	37	33	24	17	30	29	11	6	16	6	30	17	21	27	31	33	24	41	41	33	38	10000	8
14	15	29	24	26	9	20	19	21	18	24	11	12	36	32	10000	23	11	30	24	33	25	13	38	31	28	6	20	27	21	4	32	10	20	19	10	24	11	23	16	12	26	30	29	30	31	14	3	6	27	8	11	26	7	30	24	12	28	14	32	20	20	16	29	11	32	29	17	32	3	33	19	6	18	24	20	29	9	20	20	32	38
15	25	47	38	14	31	5	35	41	6	40	33	16	38	24	23	10000	31	42	4	48	8	35	32	24	40	20	40	36	2	25	40	15	27	40	33	22	33	43	9	15	33	33	28	24	42	22	23	26	26	30	14	44	28	41	44	11	34	36	47	37	32	15	42	28	31	19	21	28	23	36	7	19	35	40	32	47	31	37	40	24	32
16	24	32	30	36	5	29	26	23	27	29	12	22	45	43	11	31	10000	37	33	39	34	9	48	42	35	11	24	35	29	12	40	20	29	20	8	34	7	25	23	22	35	39	40	41	39	24	13	15	38	5	21	29	4	38	26	21	37	10	37	26	28	26	36	19	42	40	28	42	13	42	28	16	24	29	28	32	5	26	24	43	48
17	18	14	7	33	33	38	12	20	37	10	26	27	17	29	30	42	37	10000	40	9	37	31	28	28	3	36	17	7	41	27	7	30	15	22	30	23	32	19	39	29	10	14	21	27	2	21	28	24	21	32	30	13	35	3	19	34	11	30	9	12	11	27	2	20	19	31	21	24	28	15	36	29	13	10	11	14	33	12	17	29	28
18	25	47	37	11	33	5	35	42	7	39	34	16	35	21	24	4	33	40	10000	47	5	36	28	21	39	22	40	34	6	26	38	15	26	40	34	20	35	43	11	15	32	31	25	21	41	21	24	26	23	32	14	43	30	39	44	12	32	38	46	37	31	14	40	29	29	16	19	25	24	33	6	20	34	39	31	47	33	37	40	21	28
19	23	9	11	41	34	44	15	18	43	10	27	33	25	37	33	48	39	9	47	10000	44	31	36	36	9	39	16	15	47	30	15	36	22	20	31	30	33	16	44	35	18	22	29	35	9	27	31	28	29	34	36	10	37	11	16	39	19	30	2	13	17	34	8	23	27	39	28	32	31	23	42	33	16	10	17	9	34	13	16	37	36
20	22	45	35	6	33	6	33	40	8	37	34	15	31	17	25	8	34	37	5	44	10000	37	24	17	36	24	39	31	9	26	34	15	23	39	34	16	35	41	14	14	28	27	21	17	38	19	24	26	20	32	14	41	30	36	43	13	29	38	44	35	28	12	37	27	25	12	17	21	24	29	7	20	32	37	28	45	33	35	39	17	24
21	22	24	24	38	5	32	20	15	30	22	6	23	42	42	13	35	9	31	36	31	37	10000	46	41	29	16	16	31	33	12	35	22	26	12	3	33	3	17	27	23	31	36	38	40	33	22	13	12	36	6	23	22	10	32	18	24	33	2	30	19	24	27	30	15	39	40	26	41	14	39	31	17	18	22	24	24	5	19	16	42	46
22	25	41	30	18	45	29	32	42	30	34	42	27	13	8	38	32	48	28	28	36	24	46	10000	8	28	40	39	22	33	36	22	30	21	42	44	14	46	42	35	28	20	14	9	8	27	25	35	35	11	44	29	39	44	26	43	31	18	46	36	34	26	23	29	32	9	13	21	6	35	14	28	33	32	34	26	41	45	34	39	8	10000
23	21	39	28	11	39	21	29	39	22	32	37	20	16	2	31	24	42	28	21	36	17	41	8	10000	28	33	36	21	25	30	23	23	18	39	39	9	40	39	27	21	19	15	7	2	28	19	29	29	8	38	22	37	38	26	40	24	18	41	36	31	23	16	29	28	10	6	15	5	29	16	20	26	29	32	23	39	39	31	36	2	8
24	16	13	5	32	31	36	9	18	35	8	24	25	18	29	28	40	35	3	39	9	36	29	28	28	10000	33	15	7	39	24	8	28	13	19	28	22	30	17	37	27	9	14	21	26	4	19	25	22	21	30	28	12	33	4	17	32	11	28	9	10	9	25	2	17	19	30	20	24	25	16	34	27	11	8	9	13	31	10	15	29	28
25	19	35	29	27	12	18	25	26	16	30	16	14	40	34	6	20	11	36	22	39	24	16	40	33	33	10000	26	32	18	10	37	11	24	24	14	27	14	28	12	13	31	34	33	32	37	18	9	12	30	11	11	31	8	36	30	11	33	18	38	26	25	18	35	17	35	30	20	35	9	37	18	8	24	30	25	35	12	26	26	34	40
26	17	9	11	37	19	36	8	3	35	8	12	24	31	38	20	40	24	17	40	16	39	16	39	36	15	26	10000	19	39	17	23	26	19	5	16	29	18	3	34	26	20	26	31	35	19	20	19	15	30	19	27	6	23	19	5	30	23	15	15	6	14	27	16	12	31	37	23	34	19	29	34	22	8	8	14	9	19	6	10000	38	39
27	13	19	9	27	32	32	12	22	31	13	25	22	12	23	27	36	35	7	34	15	31	31	22	21	7	32	19	10000	35	24	5	25	9	23	29	16	31	22	34	24	3	8	15	20	7	15	24	22	14	31	25	17	33	6	22	29	4	30	15	14	8	21	8	17	13	24	15	18	24	10	30	25	13	13	8	19	32	14	19	23	22
28	25	46	37	15	29	5	34	40	5	39	32	15	38	25	21	2	29	41	6	47	9	33	33	25	39	18	39	35	10000	23	40	13	27	38	31	22	31	41	7	13	33	33	28	25	42	21	22	24	26	28	13	43	26	41	43	10	34	35	47	36	31	15	41	27	32	20	20	29	21	36	6	17	34	39	31	46	29	36	39	25	33
29	12	26	21	27	9	22	16	18	20	20	9	12	33	32	4	25	12	27	26	30	26	12	36	30	24	10	17	24	23	10000	29	11	17	16	9	23	10	20	18	12	23	28	28	29	28	12	2	3	26	8	12	22	9	27	21	14	26	12	29	17	17	16	26	8	30	29	16	31	3	31	20	7	15	20	17	26	9	17	17	32	36
30	18	21	12	30	36	36	16	25	36	16	30	26	10	24	32	40	40	7	38	15	34	35	22	23	8	37	23	5	40	29	10000	30	14	27	34	19	36	25	38	28	7	9	16	22	6	20	29	27	16	35	30	20	38	5	25	33	6	35	15	17	13	25	9	22	13	27	20	19	29	9	34	30	17	16	13	21	36	17	23	24	22
31	13	34	25	17	19	11	22	27	9	27	20	4	31	24	10	15	20	30	15	36	15	22	30	23	28	11	26	25	13	11	30	10000	17	26	20	17	21	29	9	3	23	26	23	22	31	10	10	12	21	18	1	30	16	30	30	4	25	23	35	24	20	8	30	15	26	20	11	25	9	29	9	5	21	27	20	34	19	24	26	24	30
32	5	23	12	20	26	23	12	22	23	15	21	13	17	19	20	27	29	15	26	22	23	26	21	18	13	24	19	9	27	17	14	17	10000	21	24	10	26	22	25	15	7	11	13	17	16	7	17	15	11	25	17	20	26	14	23	20	9	26	21	14	6	13	15	12	14	19	7	16	17	14	21	17	12	15	6	23	26	14	19	19	21
33	19	13	15	38	16	36	11	3	35	12	9	25	35	40	19	40	20	22	40	20	39	12	42	39	19	24	5	23	38	16	27	26	21	10000	12	31	14	5	33	26	24	30	34	37	23	21	17	14	32	16	26	10	20	23	6	29	26	11	19	10	17	28	20	12	34	39	25	37	18	32	34	22	11	12	17	13	16	10	5	40	42
34	19	25	23	35	4	30	19	15	28	22	5	20	40	40	10	33	8	30	34	31	34	3	44	39	28	14	16	29	31	9	34	20	24	12	10000	31	2	17	25	21	29	34	35	38	31	20	11	10	34	4	20	22	8	31	18	22	31	4	30	19	22	25	29	13	37	37	24	39	11	37	28	15	17	22	22	25	4	19	16	40	44
35	13	32	22	11	32	18	21	31	19	25	29	13	16	10	24	22	34	23	20	30	16	33	14	9	22	27	29	16	22	23	19	17	10	31	31	10000	32	31	23	15	13	12	7	7	23	11	22	21	5	30	16	30	31	21	33	19	13	33	30	24	16	10	23	20	10	9	7	9	21	14	17	19	22	25	16	32	32	24	29	10	14
36	21	26	25	37	3	30	21	16	29	24	7	22	42	42	11	33	7	32	35	33	35	3	46	40	30	14	18	31	31	10	36	21	26	14	2	32	10000	19	25	22	31	36	37	39	33	22	12	12	35	4	21	23	7	33	20	23	33	4	32	21	24	26	31	15	39	39	26	40	12	39	29	16	19	24	24	26	3	21	18	42	46
37	20	8	13	40	21	39	11	3	38	10	13	27	33	41	23	43	25	19	43	16	41	17	42	39	17	28	3	22	41	20	25	29	22	5	17	31	19	10000	37	29	23	29	33	38	20	23	21	18	32	20	29	6	24	21	2	32	25	15	15	9	17	30	17	15	33	40	26	37	21	31	37	25	10	10	17	8	21	9	3	41	42
38	22	42	34	18	23	8	31	35	6	35	26	12	38	28	16	9	23	39	11	44	14	27	35	27	37	12	34	34	7	18	38	9	25	33	25	23	25	37	10000	10	32	33	29	27	40	19	16	19	27	22	9	38	19	38	38	5	33	29	43	32	28	14	38	23	32	23	19	30	16	36	8	12	30	35	28	42	23	32	34	28	35
39	12	33	25	15	20	11	21	27	9	26	20	3	29	22	12	15	22	29	15	35	14	23	28	21	27	13	26	24	13	12	28	3	15	26	21	15	22	29	10	10000	22	24	21	20	30	9	10	12	19	19	2	30	18	29	30	5	23	24	34	23	18	6	29	14	24	18	10	23	10	27	9	6	21	26	18	33	20	23	26	22	28
40	12	21	11	24	31	29	13	23	29	14	25	20	12	20	26	33	35	10	32	18	28	31	20	19	9	31	20	3	33	23	7	23	7	24	29	13	31	23	32	22	10000	6	12	18	10	14	23	21	12	30	23	19	32	8	23	27	3	30	17	14	8	19	10	17	11	22	13	16	23	9	27	23	14	14	8	21	31	14	20	20	20
41	16	27	16	22	36	29	19	29	30	20	31	22	6	16	30	33	39	14	31	22	27	36	14	15	14	34	26	8	33	28	9	26	11	30	34	12	36	29	33	24	6	10000	8	14	14	17	27	25	9	35	25	25	36	12	29	28	4	36	22	20	13	20	15	22	6	19	15	11	27	4	28	26	20	20	13	27	36	20	26	16	14
42	17	33	22	16	37	24	23	33	25	26	33	19	10	9	29	28	40	21	25	29	21	38	9	7	21	33	31	15	28	28	16	23	13	34	35	7	37	33	29	21	12	8	10000	6	21	16	27	26	3	36	22	30	36	19	34	25	11	38	29	25	17	16	22	24	4	11	13	4	27	9	23	25	24	26	17	33	37	25	31	9	9
43	19	38	27	11	38	21	28	38	22	31	35	19	16	3	30	24	41	27	21	35	17	40	8	2	26	32	35	20	25	29	22	22	17	37	38	7	39	38	27	20	18	14	6	10000	27	18	28	28	6	37	22	35	37	25	39	23	17	40	35	30	22	15	28	27	9	6	14	5	28	15	20	25	28	31	22	38	38	30	35	3	8
44	19	15	9	34	34	38	13	21	38	11	27	28	16	29	31	42	39	2	41	9	38	33	27	28	4	37	19	7	42	28	6	31	16	23	31	23	33	20	40	30	10	14	21	27	10000	21	29	26	21	34	31	15	36	2	20	35	11	32	9	14	12	28	3	21	19	31	22	24	29	14	36	30	15	11	12	15	34	14	19	29	27
45	4	26	16	18	21	18	14	22	17	18	18	7	22	20	14	22	24	21	21	27	19	22	25	19	19	18	20	15	21	12	20	10	7	21	20	11	22	23	19	9	14	17	16	18	21	10000	12	11	14	20	10	22	21	20	24	14	15	23	26	16	10	8	20	10	18	18	4	19	11	20	16	10	14	18	10	26	21	16	20	20	25
46	12	27	21	25	11	20	17	19	18	21	11	10	33	30	3	23	13	28	24	31	24	13	35	29	25	9	19	24	22	2	29	10	17	17	11	22	12	21	16	10	23	27	27	28	29	12	10000	4	25	9	10	24	10	28	23	12	25	14	30	18	17	14	26	8	29	27	15	30	1	30	18	5	16	21	17	27	11	18	19	30	35
47	10	24	18	26	11	22	14	16	21	18	9	11	31	30	6	26	15	24	26	28	26	12	35	29	22	12	15	22	24	3	27	12	15	14	10	21	12	18	19	12	21	25	26	28	26	11	4	10000	24	10	12	20	12	25	19	15	23	13	27	15	14	15	23	5	28	28	14	29	4	28	21	8	12	18	14	24	11	15	15	30	35
48	15	32	21	14	35	22	22	32	23	25	31	17	12	9	27	26	38	21	23	29	20	36	11	8	21	30	30	14	26	26	16	21	11	32	34	5	35	32	27	19	12	9	3	6	21	14	25	24	10000	34	20	30	34	19	33	23	11	36	29	24	16	14	22	22	6	11	11	5	25	10	21	23	23	25	16	32	35	24	30	9	11
49	20	28	26	34	2	27	21	18	25	24	8	19	41	39	8	30	5	32	32	34	32	6	44	38	30	11	19	31	28	8	35	18	25	16	4	30	4	20	22	19	30	35	36	37	34	20	9	10	34	10000	18	25	4	33	22	20	33	7	33	21	23	23	31	14	37	36	24	38	10	38	26	13	20	24	23	28	2	21	19	39	44
50	13	34	26	16	20	10	22	28	9	27	20	4	31	23	11	14	21	30	14	36	14	23	29	22	28	11	27	25	13	12	30	1	17	26	20	16	21	29	9	2	23	25	22	22	31	10	10	12	20	18	10000	30	17	30	31	4	25	24	35	24	20	7	30	15	25	19	11	24	10	28	9	6	22	27	20	34	20	24	27	23	29
51	19	4	9	39	25	40	9	8	39	5	18	28	29	38	26	44	29	13	43	10	41	22	39	37	12	31	6	17	43	22	20	30	20	10	22	30	23	6	38	30	19	25	30	35	15	22	24	20	30	25	30	10000	28	15	6	34	21	21	9	7	14	30	12	16	30	38	25	34	24	27	38	27	9	5	14	4	25	7	6	38	39
52	21	31	28	33	5	25	24	22	23	28	11	18	42	39	7	28	4	35	30	37	30	10	44	38	33	8	23	33	26	9	38	16	26	20	8	31	7	24	19	18	32	36	36	37	36	21	10	12	34	4	17	28	10000	36	26	18	34	11	36	24	25	23	34	16	38	36	24	39	10	39	24	12	22	28	25	31	5	24	23	39	44
53	18	17	9	32	34	37	13	22	36	12	27	27	15	28	30	41	38	3	39	11	36	32	26	26	4	36	19	6	41	27	5	30	14	23	31	21	33	21	38	29	8	12	19	25	2	20	28	25	19	33	30	15	36	10000	21	33	9	32	11	14	11	26	4	20	17	29	21	22	28	13	35	29	14	12	11	17	34	14	19	28	26
54	21	7	14	41	22	40	12	4	39	10	15	29	34	42	24	44	26	19	44	16	43	18	43	40	17	30	5	22	43	21	25	30	23	6	18	33	20	2	38	30	23	29	34	39	20	24	23	19	33	22	31	6	26	21	10000	34	26	16	15	10	18	31	17	16	34	41	28	38	23	31	39	27	12	10	18	7	22	10	5	42	43
55	17	37	29	16	21	8	26	31	6	30	23	7	34	25	12	11	21	34	12	39	13	24	31	24	32	11	30	29	10	14	33	4	20	29	22	19	23	32	5	5	27	28	25	23	35	14	12	15	23	20	4	34	18	33	34	10000	28	26	38	28	23	9	33	18	28	21	14	26	12	31	7	8	25	30	23	37	21	28	30	25	31
56	14	23	13	24	34	30	15	26	30	16	28	21	9	19	28	34	37	11	32	19	29	33	18	18	11	33	23	4	34	26	6	25	9	26	31	13	33	25	33	23	3	4	11	17	11	15	25	23	11	33	25	21	34	9	26	28	10000	33	19	17	10	20	12	19	9	21	14	14	25	6	28	25	16	16	10	23	34	17	23	19	18
57	22	23	23	38	7	33	19	13	31	21	5	24	41	43	14	36	10	30	38	30	38	2	46	41	28	18	15	30	35	12	35	23	26	11	4	33	4	15	29	24	30	36	38	40	32	23	14	13	36	7	24	21	11	32	16	26	33	10000	29	19	23	28	29	15	39	40	27	41	14	38	32	18	18	21	23	23	7	19	15	43	46
58	23	8	10	40	33	43	13	17	42	9	26	32	25	37	32	47	37	9	46	2	44	30	36	36	9	38	15	15	47	29	15	35	21	19	30	30	32	15	43	34	17	22	29	35	9	26	30	27	29	33	35	9	36	11	15	38	19	29	10000	12	16	33	8	22	27	38	27	32	30	23	41	32	15	9	16	8	33	12	15	37	36
59	13	10	5	33	22	33	3	9	32	4	14	21	25	33	20	37	26	12	37	13	35	19	34	31	10	26	6	14	36	17	17	24	14	10	19	24	21	9	32	23	14	20	25	30	14	16	18	15	24	21	24	7	24	14	10	28	17	19	12	10000	9	23	11	10	25	32	19	29	18	23	31	21	3	4	9	10	22	10000	6	33	34
60	7	18	7	25	24	27	7	17	27	10	18	16	19	24	20	32	28	11	31	17	28	24	26	23	9	25	14	8	31	17	13	20	6	17	22	16	24	17	28	18	8	13	17	22	12	10	17	14	16	23	20	14	25	11	18	23	10	23	16	9	10000	17	11	10	17	24	12	21	17	16	26	18	7	10	10000	18	24	9	14	24	26
61	11	33	24	11	25	11	21	29	11	26	23	5	25	17	16	15	26	27	14	34	12	27	23	16	25	18	27	21	15	16	25	8	13	28	25	10	26	30	14	6	19	20	16	15	28	8	14	15	14	23	7	30	23	26	31	9	20	28	33	23	17	10000	27	16	19	14	6	18	14	22	9	11	21	26	17	33	25	23	27	17	23
62	17	13	6	34	32	37	11	18	37	8	25	27	18	30	29	42	36	2	40	8	37	30	29	29	2	35	16	8	41	26	9	30	15	20	29	23	31	17	38	29	10	15	22	28	3	20	26	23	22	31	30	12	34	4	17	33	12	29	8	11	11	27	10000	19	20	32	21	25	27	16	36	28	12	8	11	13	32	11	16	30	29
63	8	20	13	27	15	25	9	14	23	13	10	13	28	29	11	28	19	20	29	23	27	15	32	28	17	17	12	17	27	8	22	15	12	12	13	20	15	15	23	14	17	22	24	27	21	10	8	5	22	14	15	16	16	20	16	18	19	15	22	10	10	16	19	10000	25	27	13	27	9	25	23	11	8	13	10	20	15	10	12	29	32
64	18	32	21	19	39	28	23	33	28	25	34	22	7	11	32	31	42	19	29	27	25	39	9	10	19	35	31	13	32	30	13	26	14	34	37	10	39	33	32	24	11	6	4	9	19	18	29	28	6	37	25	30	38	17	34	28	9	39	27	25	17	19	20	25	10000	15	15	6	29	6	26	28	24	25	17	32	39	25	31	11	9
65	21	41	30	6	38	17	30	39	18	33	36	18	21	6	29	19	40	31	16	39	12	40	13	6	30	30	37	24	20	29	27	20	19	39	37	9	39	40	23	18	22	19	11	6	31	18	27	28	11	36	19	38	36	29	41	21	21	40	38	32	24	14	32	27	15	10000	14	10	27	20	16	24	30	33	24	41	38	32	37	6	13
66	7	29	18	14	25	17	17	26	16	21	22	8	20	16	17	21	28	21	19	28	17	26	21	15	20	20	23	15	20	16	20	11	7	25	24	7	26	26	19	10	13	15	13	14	22	4	15	14	11	24	11	25	24	21	28	14	14	27	27	19	12	6	21	13	15	14	10000	15	15	18	15	13	17	21	12	29	25	19	23	16	21
67	20	36	26	15	40	25	27	37	26	29	36	22	12	6	32	28	42	24	25	32	21	41	6	5	24	35	34	18	29	31	19	25	16	37	39	9	40	37	30	23	16	11	4	5	24	19	30	29	5	38	24	34	39	22	38	26	14	41	32	29	21	18	25	27	6	10	15	10000	30	11	23	27	27	29	21	36	40	29	34	6	6
68	12	27	21	25	11	20	17	20	18	22	11	10	33	30	3	23	13	28	24	31	24	14	35	29	25	9	19	24	21	3	29	9	17	18	11	21	12	21	16	10	23	27	27	28	29	11	1	4	25	10	10	24	10	28	23	12	25	14	30	18	17	14	27	9	29	27	15	30	10000	30	18	5	16	22	17	27	11	18	19	30	35
69	19	28	18	24	39	32	21	31	32	22	33	25	4	17	33	36	42	15	33	23	29	39	14	16	16	37	29	10	36	31	9	29	14	32	37	14	39	31	36	27	9	4	9	15	14	20	30	28	10	38	28	27	39	13	31	31	6	38	23	23	16	22	16	25	6	20	18	11	30	10000	30	29	22	22	16	28	39	23	29	17	14
70	19	41	32	11	27	2	29	36	3	34	29	11	32	21	19	7	28	36	6	42	7	31	28	20	34	18	34	30	6	20	34	9	21	34	28	17	29	37	8	9	27	28	23	20	36	16	18	21	21	26	9	38	24	35	39	7	28	32	41	31	26	9	36	23	26	16	15	23	18	30	10000	14	29	34	26	41	27	31	34	21	28
71	12	30	23	21	14	15	19	23	14	24	15	7	32	27	6	19	16	29	20	33	20	17	33	26	27	8	22	25	17	7	30	5	17	22	15	19	16	25	12	6	23	26	25	25	30	10	5	8	23	13	6	27	12	29	27	8	25	18	32	21	18	11	28	11	28	24	13	27	5	29	14	10000	18	24	18	30	14	21	22	27	33
72	11	13	6	31	20	31	2	10	30	6	13	19	25	31	18	35	24	13	34	16	32	18	32	29	11	24	8	13	34	15	17	21	12	11	17	22	19	10	30	21	14	20	24	28	15	14	16	12	23	20	22	9	22	14	12	25	16	18	15	3	7	21	12	8	24	30	17	27	16	22	29	18	10000	6	7	13	20	3	8	31	32
73	15	8	4	35	25	36	5	11	35	10000	18	24	24	33	24	40	29	10	39	10	37	22	34	32	8	30	8	13	39	20	16	27	15	12	22	25	24	10	35	26	14	20	26	31	11	18	21	18	25	24	27	5	28	12	10	30	16	21	9	4	10	26	8	13	25	33	21	29	22	22	34	24	6	10000	10	8	25	4	8	33	34
74	7	18	7	25	24	27	7	17	27	10	18	16	19	24	20	32	28	11	31	17	28	24	26	23	9	25	14	8	31	17	13	20	6	17	22	16	24	17	28	18	8	13	17	22	12	10	17	14	16	23	20	14	25	11	18	23	10	23	16	9	10000	17	11	10	17	24	12	21	17	16	26	18	7	10	10000	18	24	9	14	24	26
75	23	10000	11	42	28	43	12	10	42	8	21	31	31	41	29	47	32	14	47	9	45	24	41	39	13	35	9	19	46	26	21	34	23	13	25	32	26	8	42	33	21	27	33	38	15	26	27	24	32	28	34	4	31	17	7	37	23	23	8	10	18	33	13	20	32	41	29	36	27	28	41	30	13	8	18	10000	28	10	9	41	41
76	21	28	26	35	10000	28	22	19	26	25	8	20	42	41	9	31	5	33	33	34	33	5	45	39	31	12	19	32	29	9	36	19	26	16	4	32	3	21	23	20	31	36	37	38	34	21	11	11	35	2	20	25	5	34	22	21	34	7	33	22	24	25	32	15	39	38	25	40	11	39	27	14	20	25	24	28	10000	22	19	41	45
77	13	10	5	33	22	33	3	9	32	4	14	21	25	33	20	37	26	12	37	13	35	19	34	31	10	26	6	14	36	17	17	24	14	10	19	24	21	9	32	23	14	20	25	30	14	16	18	15	24	21	24	7	24	14	10	28	17	19	12	10000	9	23	11	10	25	32	19	29	18	23	31	21	3	4	9	10	22	10000	6	33	34
78	17	9	11	37	19	36	8	3	35	8	12	24	31	38	20	40	24	17	40	16	39	16	39	36	15	26	10000	19	39	17	23	26	19	5	16	29	18	3	34	26	20	26	31	35	19	20	19	15	30	19	27	6	23	19	5	30	23	15	15	6	14	27	16	12	31	37	23	34	19	29	34	22	8	8	14	9	19	6	10000	38	39
79	22	41	30	11	41	22	30	40	23	33	38	21	17	10000	32	24	43	29	21	37	17	42	8	2	29	34	38	23	25	32	24	24	19	40	40	10	42	41	28	22	20	16	9	3	29	20	30	30	9	39	23	38	39	28	42	25	19	43	37	33	24	17	30	29	11	6	16	6	30	17	21	27	31	33	24	41	41	33	38	10000	8
80	25	41	30	18	45	29	32	42	30	34	42	27	13	8	38	32	48	28	28	36	24	46	10000	8	28	40	39	22	33	36	22	30	21	42	44	14	46	42	35	28	20	14	9	8	27	25	35	35	11	44	29	39	44	26	43	31	18	46	36	34	26	23	29	32	9	13	21	6	35	14	28	33	32	34	26	41	45	34	39	8	10000
;
param w_id:	1	2	3	:=
1	1	0	1	
2	1	1	1	
3	0	1	1	
4	1	1	0	
5	0	1	0	
6	1	0	1	
7	1	0	1	
8	1	1	1	
9	1	1	0	
10	1	1	1	
11	0	1	1	
12	1	0	1	
13	1	0	0	
14	0	1	1	
15	0	1	1	
16	1	0	0	
17	0	1	1	
18	0	1	1	
19	0	1	0	
20	1	1	1	
21	0	1	0	
22	1	0	1	
23	1	1	0	
24	0	0	1	
25	0	1	1	
26	1	0	1	
27	1	1	1	
28	1	1	1	
29	0	1	1	
30	1	1	1	
31	1	1	0	
32	1	1	0	
33	1	0	0	
34	1	1	0	
35	0	0	1	
36	1	1	1	
37	1	1	1	
38	1	1	0	
39	1	1	1	
40	1	0	1	
41	1	1	1	
42	1	0	0	
43	0	1	1	
44	1	1	1	
45	1	1	1	
46	1	1	1	
47	1	1	1	
48	1	1	0	
49	0	0	1	
50	1	1	1	
51	0	1	0	
52	1	1	1	
53	1	0	0	
54	0	0	1	
55	1	1	0	
56	1	0	1	
57	1	0	1	
58	1	1	1	
59	0	1	0	
60	1	1	1	
61	1	1	1	
62	1	1	1	
63	0	1	0	
64	0	1	1	
65	0	1	1	
66	0	1	1	
67	1	1	1	
68	1	1	1	
69	1	1	0	
70	1	1	1	
71	1	0	0	
72	1	1	0	
73	1	0	0	
74	0	1	0	
75	1	0	1	
76	1	0	1	
77	1	1	1	
78	1	1	0	
79	1	1	1	
80	1	1	1	
;
param e_id:	1	2	3	:=
0	0	0	0	
1	0	0	0	
2	22	22	22	
3	133	133	133	
4	417	417	417	
5	532	532	532	
6	0	0	0	
7	0	0	0	
8	90	90	90	
9	248	248	248	
10	306	306	306	
11	0	0	0	
12	30	30	30	
13	125	125	125	
14	251	251	251	
15	415	415	415	
16	0	0	0	
17	84	84	84	
18	170	170	170	
19	287	287	287	
20	450	450	450	
21	0	0	0	
22	267	267	267	
23	326	326	326	
24	0	0	0	
25	465	465	465	
26	25	25	25	
27	85	85	85	
28	192	192	192	
29	199	199	199	
30	312	312	312	
31	0	0	0	
32	104	104	104	
33	131	131	131	
34	165	165	165	
35	294	294	294	
36	0	0	0	
37	0	0	0	
38	187	187	187	
39	226	226	226	
40	334	334	334	
41	489	489	489	
42	38	38	38	
43	121	121	121	
44	201	201	201	
45	368	368	368	
46	0	0	0	
47	33	33	33	
48	137	137	137	
49	209	209	209	
50	246	246	246	
51	0	0	0	
52	18	18	18	
53	144	144	144	
54	360	360	360	
55	300	300	300	
56	0	0	0	
57	41	41	41	
58	137	137	137	
59	213	213	213	
60	273	273	273	
61	0	0	0	
62	19	19	19	
63	156	156	156	
64	253	253	253	
65	357	357	357	
66	0	0	0	
67	0	0	0	
68	127	127	127	
69	469	469	469	
70	395	395	395	
71	0	0	0	
72	0	0	0	
73	248	248	248	
74	273	273	273	
75	0	0	0	
76	417	417	417	
77	213	213	213	
78	25	25	25	
79	125	125	125	
80	267	267	267	
;
param l_id:	1	2	3	:=
0	718	718	718	
1	155	155	155	
2	185	185	185	
3	312	312	312	
4	655	655	655	
5	679	679	679	
6	99	99	99	
7	224	224	224	
8	227	227	227	
9	417	417	417	
10	504	504	504	
11	121	121	121	
12	187	187	187	
13	344	344	344	
14	452	452	452	
15	571	571	571	
16	87	87	87	
17	251	251	251	
18	400	400	400	
19	513	513	513	
20	660	660	660	
21	99	99	99	
22	490	490	490	
23	513	513	513	
24	122	122	122	
25	743	743	743	
26	197	197	197	
27	286	286	286	
28	365	365	365	
29	496	496	496	
30	569	569	569	
31	121	121	121	
32	222	222	222	
33	310	310	310	
34	328	328	328	
35	413	413	413	
36	85	85	85	
37	211	211	211	
38	354	354	354	
39	486	486	486	
40	510	510	510	
41	644	644	644	
42	193	193	193	
43	356	356	356	
44	388	388	388	
45	601	601	601	
46	48	48	48	
47	237	237	237	
48	350	350	350	
49	400	400	400	
50	488	488	488	
51	109	109	109	
52	212	212	212	
53	341	341	341	
54	491	491	491	
55	523	523	523	
56	101	101	101	
57	215	215	215	
58	362	362	362	
59	442	442	442	
60	487	487	487	
61	129	129	129	
62	228	228	228	
63	411	411	411	
64	453	453	453	
65	498	498	498	
66	104	104	104	
67	199	199	199	
68	274	274	274	
69	624	624	624	
70	549	549	549	
71	116	116	116	
72	196	196	196	
73	417	417	417	
74	487	487	487	
75	155	155	155	
76	655	655	655	
77	442	442	442	
78	197	197	197	
79	344	344	344	
80	490	490	490	
;
param prefer_id:	1	2	3	4	5	6	7	8	9	10	11	12	13	14	15	16	:=
1		-9.74912		-6.98746		-0.877731		-5.14946		-4.18048		6.20129		-7.4038		8.1069		-3.45422		1.82451		0.38671		-6.06625		0.681864		5.04875		-1.25356		-3.14118
2		-3.50413		-1.55133		-0.940974		1.1412		-0.316527		5.80642		3.84639		-3.94317		9.83573		7.98074		-7.54021		5.81717		8.42829		-6.50886		6.59259		4.32814
3		1.60648		-2.03523		-2.4985		5.39198		-9.2507		-1.93101		7.80429		9.83887		6.57402		1.11777		-3.76901		-4.21098		0.410122		3.95864		-3.66098		9.65498
4		-6.78915		-3.50736		-2.35963		-1.01393		8.10456		-6.38454		3.32976		9.68272		5.03977		-1.91444		-7.76446		4.14236		-7.72653		6.05173		4.69329		-9.93598
5		8.42952		-1.91557		-9.91816		5.82183		1.15595		-2.56313		-7.19385		-0.833865		-8.2654		3.90927		9.26341		2.75371		3.9393		1.21569		-6.11139		1.53133
6		8.10637		-8.91416		6.57869		2.58479		2.92881		-4.84541		-7.42986		0.0286538		-1.97485		-5.27966		6.50407		-1.09666		-9.53429		-9.03165		6.18037		-8.29941
7		4.1534		-9.3324		-0.142737		-1.70467		1.69285		-5.74505		-2.92606		-5.88694		4.77673		1.74051		-0.279645		-6.44549		9.87112		7.80911		-8.18856		-2.0311
8		5.75862		7.57473		5.10136		-6.52387		8.29858		-7.80326		-2.56179		-1.40311		4.9136		-1.25602		-7.06548		6.62292		-6.42128		-4.96313		8.71377		9.88216
9		5.72573		-0.340163		-5.1884		7.47709		0.166502		6.73983		5.41556		-3.09823		-3.71522		-2.67307		-2.65831		4.7726		-7.15803		-9.5846		-8.30841		4.66376
10		-8.33519		8.21068		3.19212		-7.35484		0.278175		-8.9543		7.19416		-1.63742		-5.23148		5.97574		7.78137		-1.73037		-0.842815		-2.35372		-5.24757		7.29701
11		9.83135		8.69684		3.74461		-7.3543		-5.14645		-1.34561		-4.02143		-0.19231		5.37863		7.52313		9.58039		9.43543		5.78705		-6.01805		6.01632		-1.91518
12		6.1065		-7.33252		5.88462		-6.67993		3.51074		-5.00789		8.57893		5.32069		-9.71318		-1.13411		-2.36818		-7.32625		6.41862		-1.16511		-6.2844		6.96083
13		5.04211		3.76098		3.06788		6.37438		-8.4124		7.29616		1.80004		-6.01274		0.425179		9.58522		3.00231		0.77384		8.16053		3.81235		-4.17314		-4.5455
14		5.17706		-3.80224		5.42571		9.36163		-9.22103		0.455694		0.0766503		-2.46809		-3.7804		5.20944		4.88927		1.75692		-4.57637		4.33604		-4.37475		6.61615
15		-6.3143		8.09338		1.12574		4.04036		0.116501		8.94464		7.69533		-5.12202		9.82324		-4.93394		5.17313		5.22674		6.79997		-9.78632		5.2939		-3.72488
16		8.79539		8.31586		-3.92432		-0.270348		-7.42871		7.26691		-1.10922		4.90263		4.62817		1.46674		4.77101		3.30515		0.388815		1.85486		6.93003		9.37683
17		-6.4838		2.99949		-2.24259		-2.83288		-8.55772		-8.09558		-2.19171		-4.16503		-5.73207		-9.64743		-0.469265		-5.70315		7.47637		2.33967		9.78079		-0.421676
18		8.54877		-5.26259		3.92206		-9.59947		-3.81481		0.782979		2.54396		3.38433		-6.90923		0.547369		-3.16973		-7.09339		-7.27387		9.73375		8.32715		-9.2113
19		-6.57677		3.71585		3.62976		-2.10897		7.61289		7.80499		1.50455		8.34605		-1.96549		-6.18841		-8.44135		2.13207		-4.38191		6.55786		-3.63864		4.37237
20		2.92222		-3.96662		-2.61083		-7.9551		-1.07481		-3.67833		-4.23039		-5.80546		0.19266		-0.555829		-1.60727		3.71353		-3.29594		-7.124		1.56655		-9.36102
21		-7.78002		3.97273		-0.374201		-6.63132		4.09082		-8.86641		-3.1972		2.19803		-0.360604		7.23178		-5.27774		-0.777919		-1.7787		6.04407		2.60745		-6.38883
22		-3.40471		7.24159		-3.03434		8.39689		8.14006		-8.94717		-4.34559		3.20601		3.94543		6.22292		-6.92652		-5.79792		6.44518		7.70955		7.37983		0.291789
23		-0.544601		-0.218831		-7.2308		-8.63054		-0.984186		-0.955566		3.75846		4.85799		-5.01001		-2.61824		-0.265533		6.15497		9.6863		6.62897		-5.49516		6.35908
24		-5.02215		6.5999		-4.12968		-7.71333		-5.28815		0.624593		6.44673		-3.55386		1.95612		4.99568		-5.6502		-8.89705		7.51201		9.27783		0.991713		-8.62136
25		7.09922		-7.69247		6.24959		-4.82868		-7.76793		6.51924		0.135491		8.21609		-3.76433		2.06763		7.83303		8.07938		8.88096		-6.15397		8.35953		8.51933
26		-5.33095		3.29825		-5.64829		-7.0115		-8.45208		-2.71531		-0.138564		1.96856		0.984896		5.93776		2.03216		-2.56735		-5.52897		-3.4145		-0.0139329		-1.49366
27		-6.63516		7.96242		-6.8382		8.46013		7.23439		9.67922		0.0225629		-5.48743		0.176565		5.18621		9.23258		6.75683		-0.255769		4.1261		-7.47891		7.13901
28		-0.599404		8.61125		6.74495		-7.73943		-1.42637		-3.05247		-1.76784		-0.885318		-5.52223		-0.103554		-3.04037		-0.544741		5.39135		1.44604		4.4703		9.46516
29		7.68147		0.768504		-8.33214		5.82692		-2.62884		-6.10842		-7.14523		-2.10258		-7.45916		9.53146		0.287953		-0.054665		-6.40559		5.06041		-9.03025		1.07533
30		-4.90879		-4.01365		4.6372		-1.15193		1.47421		5.22772		2.97663		9.6029		6.2773		6.3973		-2.26289		-7.32843		-5.64598		-7.80136		-2.50321		-0.561212
31		7.53611		-4.39292		-2.30325		-3.28144		4.96609		-7.73314		6.4765		8.46178		8.77691		-4.51685		1.74157		-7.17217		-4.56428		8.74191		2.11936		2.1385
32		-9.12478		1.91614		4.18505		-6.6187		-9.31884		5.81135		7.3331		-9.62268		1.5653		-4.407		-8.76719		0.859295		-4.89416		6.82808		-8.34593		-6.62208
33		-1.03419		-0.427155		-7.42482		-1.14934		-5.27266		-8.73746		-6.30989		-6.07787		-6.31417		4.85076		1.72637		1.32826		7.20705		0.139655		-3.06759		2.07212
34		-3.4591		3.34608		-0.577403		0.644604		-7.35893		-5.57953		2.32065		-2.53205		-6.90533		9.72064		4.07485		-3.30208		-7.61485		2.81417		6.68362		2.61581
35		-1.23519		4.8214		6.19076		8.89514		-7.82312		-8.56044		-4.59026		-0.306805		8.53286		-9.72099		5.8738		0.0197748		-9.24714		9.21003		8.2902		-6.47141
36		-4.51925		7.53468		-0.296628		7.65813		1.32696		-3.15767		9.33163		8.37313		-0.128709		-0.323112		-7.30224		2.49922		5.44542		-2.76422		-5.97205		1.83082
37		-3.78512		-1.16989		-6.41355		0.894703		-7.21424		-8.20513		-0.829854		-3.10378		-9.47381		-1.86446		3.70086		-0.186494		9.86604		7.50446		-2.93532		-4.15954
38		8.0008		-4.58088		8.05706		5.09828		6.76831		-1.64602		2.25926		-3.37434		8.33361		0.625563		9.45633		7.77641		-7.9659		7.09411		-9.98583		2.06875
39		-9.40764		5.67628		-0.839953		-4.038		6.8386		-4.13588		-8.89755		2.96595		6.65822		1.70807		6.48627		2.54604		-2.84167		-8.15175		-6.21865		8.94172
40		4.21084		9.38064		9.57185		6.75456		-0.987755		8.04261		-9.03537		6.16021		1.05827		7.75182		4.03091		-4.86279		-5.68679		5.67998		3.64986		-0.0605287
41		-3.40032		-5.34667		-7.2577		6.59153		9.32621		0.00922003		6.05948		-4.17742		-5.84829		4.54538		4.8113		-2.28522		-4.75987		-0.584656		5.58608		-5.52795
42		3.73736		8.47496		6.48843		-9.58833		6.01324		4.59084		-3.41825		-1.00079		-7.19657		-4.13816		-8.72867		-8.01876		-3.49445		-3.85607		-6.08409		-4.36304
43		-5.29243		1.81458		-8.4832		8.8379		-8.86629		-7.16721		6.62266		-6.32971		8.07593		9.16778		-9.75684		-9.28937		7.13709		8.40567		3.21549		4.44248
44		-6.86642		-5.57165		-9.13831		-5.90604		-8.68183		8.50761		9.83548		2.70837		0.955884		7.32312		7.63742		-8.43906		-1.56329		-0.866747		-8.02392		7.07789
45		4.25388		-3.06243		8.08505		0.653206		4.54713		3.15512		-1.20319		-2.10259		8.83304		-1.82853		0.670579		5.68366		4.40776		1.48358		3.04598		2.37184
46		-0.726434		7.42837		8.72323		-9.28842		-8.7297		4.02379		-9.54513		-6.55106		1.92095		-0.321425		8.4136		-7.7082		-3.55344		-7.13226		1.32207		5.70876
47		-7.44454		5.84954		-0.621278		-8.37789		5.56219		3.70418		2.98956		1.32202		1.36503		6.09548		6.77908		-4.27569		-3.25482		-3.72798		-3.42424		5.06138
48		8.72724		-4.70829		2.37674		-4.87357		1.23821		-8.01116		-0.74909		-3.18438		2.69327		-0.442582		-5.17981		-4.97534		4.6135		-8.54684		-6.92106		3.20307
49		4.94327		-5.94595		-6.33423		-4.80813		-9.18376		-0.482909		9.05703		-6.09511		1.94309		-4.43432		-8.06424		3.45976		0.488376		-2.76023		3.78941		-7.1396
50		-2.08257		4.03881		-7.43036		-6.13197		8.0687		4.55017		-9.45849		7.37499		1.59072		3.28553		2.41729		-5.84489		-0.552618		6.08089		-5.12851		-8.7055
51		0.750881		7.98506		0.65774		-9.72271		9.08881		7.84622		-6.98386		2.05843		9.32723		-2.94374		-4.96149		-2.43679		8.94355		4.55167		-3.754		2.886
52		4.99512		4.27522		1.9199		5.37204		7.44814		9.8896		-6.07059		-3.11272		-6.91405		6.74614		-3.14514		-3.45172		-0.576663		1.88279		-0.189865		5.38153
53		-9.0472		2.75279		-6.61803		1.38521		1.99058		5.13058		9.66331		9.11926		6.23292		-1.78874		-5.92723		-3.07943		-2.98697		-7.09082		8.47937		0.820292
54		8.84589		1.73264		3.53277		2.66835		0.730452		-6.01186		-8.49885		5.81157		4.79869		-4.80114		-0.549364		-8.04277		-5.0235		4.58728		6.9796		2.68597
55		-7.46433		-9.20709		-0.960166		5.26536		-6.51457		9.52003		6.71616		9.46216		-6.89864		-7.68753		-2.55234		-6.69006		-9.19894		-0.446524		6.09315		6.36155
56		1.73305		4.29163		9.21797		6.40184		3.58674		2.42228		-9.36826		-9.15059		6.59426		-0.889698		5.78296		-6.87519		-3.28197		3.51003		9.41228		-7.11164
57		-7.56707		-2.2595		7.65547		3.16604		2.27084		4.04819		6.46074		-0.780837		7.99661		-6.52351		-2.08022		2.67472		-8.69257		5.18149		9.84868		-8.33157
58		-3.8622		1.79968		-9.92276		-1.02849		-4.92077		6.22331		8.36918		-7.45599		-1.02689		-4.0239		8.37779		-5.96947		9.12376		-5.71637		-9.0609		2.24099
59		5.34968		-1.48587		-0.156377		1.62666		5.13471		7.32189		-3.67755		-9.45988		-0.126242		7.11228		2.19409		-2.32395		-8.83081		-0.345164		-7.91343		4.1277
60		0.0969634		-2.29174		8.32709		-8.46999		6.00851		-7.92859		6.51428		-0.334203		8.33158		-9.84945		-7.32352		-1.17309		6.38089		7.9611		5.82241		-4.91755
61		2.63914		-5.04727		-2.20833		-4.01462		-7.77501		2.53386		-3.42836		-4.14272		-6.96553		2.30591		7.95494		-3.47076		-0.134542		-0.781589		9.85161		6.56995
62		-5.84726		3.39826		-7.83719		-4.83874		-0.620367		-9.83787		-1.5041		8.53295		0.77516		-7.88967		-6.89256		4.48048		-6.66969		0.542943		2.54897		6.8498
63		-1.84973		2.97712		-9.72705		-6.65422		-3.94646		-8.16286		-7.42045		-9.81736		-1.44476		6.4345		9.2754		-7.1472		2.55171		2.89111		-4.84878		2.04946
64		-2.68586		-7.61699		-3.11583		2.37155		-3.86214		3.57972		2.97002		-0.89922		0.321693		1.75401		-4.01899		-4.91149		-1.62804		-3.89713		-6.05221		4.74948
65		-5.14687		-5.24343		-1.80061		5.42573		-7.52238		-3.39337		-0.94691		8.1884		1.95595		7.24159		-4.99895		5.56109		-9.09877		-2.90909		-9.60005		0.116249
66		4.33612		7.3767		2.24765		6.40541		3.83215		8.40085		-9.82815		8.7439		1.04294		9.50919		3.05013		7.89072		5.09069		0.657194		8.27785		1.8247
67		-5.49138		-8.31237		-3.25557		2.51736		5.33413		4.58294		-3.99894		8.48052		-3.51502		-4.76916		-6.52225		2.93255		4.97999		9.69192		7.0477		2.96091
68		7.27206		7.61842		-1.32519		6.4727		-1.23229		-8.34682		1.90602		-3.51756		5.41072		-8.87954		1.49535		-4.36323		-6.07276		-3.40383		2.15509		1.2283
69		0.109337		2.68466		-9.01682		6.61592		6.17131		-5.34418		6.17557		9.93142		-8.06665		1.50158		-4.72199		9.175		8.50942		6.2283		5.3226		7.24466
70		-1.9086		5.73336		6.88339		7.75224		-4.63217		-0.844099		-6.51701		-6.26365		-8.52317		6.69563		0.367711		9.62519		9.05446		6.09504		0.685053		-3.99808
71		8.80479		6.53831		3.62885		-6.7536		-3.0861		5.95726		4.62757		8.97546		-6.52352		8.39966		6.65215		-1.81866		-2.20707		5.79441		-7.16063		0.756867
72		4.30813		9.84015		-1.69916		9.06571		-2.19793		-6.85677		-3.71098		-3.55166		-3.81275		6.29797		-6.00122		-0.275571		0.948968		4.08591		-3.81529		1.70014
73		5.72573		-0.340163		-5.1884		7.47709		0.166502		6.73983		5.41556		-3.09823		-3.71522		-2.67307		-2.65831		4.7726		-7.15803		-9.5846		-8.30841		4.66376
74		0.0969634		-2.29174		8.32709		-8.46999		6.00851		-7.92859		6.51428		-0.334203		8.33158		-9.84945		-7.32352		-1.17309		6.38089		7.9611		5.82241		-4.91755
75		-9.74912		-6.98746		-0.877731		-5.14946		-4.18048		6.20129		-7.4038		8.1069		-3.45422		1.82451		0.38671		-6.06625		0.681864		5.04875		-1.25356		-3.14118
76		-6.78915		-3.50736		-2.35963		-1.01393		8.10456		-6.38454		3.32976		9.68272		5.03977		-1.91444		-7.76446		4.14236		-7.72653		6.05173		4.69329		-9.93598
77		5.34968		-1.48587		-0.156377		1.62666		5.13471		7.32189		-3.67755		-9.45988		-0.126242		7.11228		2.19409		-2.32395		-8.83081		-0.345164		-7.91343		4.1277
78		-5.33095		3.29825		-5.64829		-7.0115		-8.45208		-2.71531		-0.138564		1.96856		0.984896		5.93776		2.03216		-2.56735		-5.52897		-3.4145		-0.0139329		-1.49366
79		5.04211		3.76098		3.06788		6.37438		-8.4124		7.29616		1.80004		-6.01274		0.425179		9.58522		3.00231		0.77384		8.16053		3.81235		-4.17314		-4.5455
80		-3.40471		7.24159		-3.03434		8.39689		8.14006		-8.94717		-4.34559		3.20601		3.94543		6.22292		-6.92652		-5.79792		6.44518		7.70955		7.37983		0.291789
;
